l.p.: 1
N = 7
b:
   80	   35	  -60	   41	   60	  -99	   22
A:
	    0	  -35	   52	  -64	   51	   10	   -7
	  -96	    0	   52	  -64	   51	   10	   -7
	   70	  -18	    0	  -45	  -92	   65	  -81
	   80	  -16	   32	    0	  -84	   23	   43
	   29	   94	  -96	  -79	    0	   23	  -28
	   39	  -26	   43	   57	  -76	    0	   22
	  -68	  -94	  -79	   81	   96	   40	    0

l.p.: 2
N = 7
b:
  -73	  -21	  -72	   55	  -75	    6	   90
A:
	    0	   52	   72	  -60	  -44	   20	  -32
	  -88	    0	  -71	    5	   27	   62	   25
	  -45	   20	    0	  -45	   70	   70	    6
	  -22	   52	   72	    0	  -44	   20	  -32
	   45	   21	   42	    7	    0	   17	   73
	   83	  -83	  -47	   28	  -87	    0	   56
	  -41	   24	   80	   29	  -34	    0	    0

l.p.: 3
N = 7
b:
   25	   11	   30	  -77	  -70	  -61	  -23
A:
	    0	  -12	   19	   96	  -37	  -22	   56
	   -5	    0	  -82	  -89	  -59	  -11	   41
	  -85	  -61	    0	   22	  -32	   61	  -59
	   -6	   -9	  -51	    0	   80	   86	   47
	  -92	  -92	  -15	  -42	    0	  -36	   13
	   88	  -12	   19	   96	  -37	    0	   56
	  -28	   57	   65	    0	   78	   -4	    0

l.p.: 4
N = 7
b:
  -91	  -24	   59	   28	  -83	   -6	   81
A:
	    0	   68	   69	   16	  -23	  -94	   95
	  -98	    0	  -26	  -96	  -55	  -19	  -35
	  -10	   68	    0	   16	  -23	  -94	   95
	   59	   77	  -37	    0	   16	   20	   44
	   96	   76	   15	   14	    0	  -63	   13
	   41	  -68	  -32	   30	    1	    0	   -1
	  -15	  -68	   97	   12	    8	  -74	    0

l.p.: 5
N = 7
b:
   43	    9	  -16	  -75	  -13	  -81	   44
A:
	    0	   45	  -35	   44	   44	  -71	   92
	   46	    0	   10	  -14	    2	  -91	   82
	    9	   45	    0	   44	   44	  -71	   92
	  -80	  -35	    7	    0	   45	  -25	  -65
	   69	  -88	  -29	  -53	    0	   10	  -78
	   53	  -62	  -85	  -31	   61	    0	  -11
	   37	   21	  -33	   27	  -41	  -21	    0

l.p.: 6
N = 7
b:
   33	  -89	  -42	   -1	  -74	   95	  -15
A:
	    0	   65	    3	   70	  -66	   65	   70
	   80	    0	   64	   37	   93	   92	  -35
	   41	   23	    0	   88	  -32	   63	  -75
	   81	  -62	   20	    0	   20	   83	  -29
	  -29	   65	    3	   70	    0	   65	   70
	  -61	  -73	  -19	   72	  -37	    0	   71
	   24	  -89	   33	   42	  -36	   34	    0

l.p.: 7
N = 7
b:
   12	   51	  -35	  -46	   40	  -27	  -57
A:
	    0	   87	  -49	   31	   64	  -11	   62
	   61	    0	  -14	   22	  -82	  -79	   90
	   27	   87	    0	   31	   64	  -11	   62
	    5	  -33	  -84	    0	  -43	  -97	  -43
	  -53	  -72	   49	  -46	    0	   19	  -63
	   75	   60	  -14	  -97	   66	    0	   75
	  -90	   87	  -79	   12	  -64	  -22	    0

l.p.: 8
N = 7
b:
  -38	   19	  -87	   75	   49	   86	  -77
A:
	    0	  -24	   29	   67	  -67	   92	  -95
	   93	    0	  -28	  -62	    0	  -52	    3
	  -26	    2	    0	  -85	   14	   51	  -13
	  -94	   11	  -82	    0	    3	  -54	   70
	   90	  -24	   29	   67	    0	   92	  -95
	   -3	   10	  -97	  -89	   13	    0	   86
	   46	   51	  -20	  -60	  -21	   -5	    0

l.p.: 9
N = 7
b:
   87	  -46	  -22	   21	   95	   43	    6
A:
	    0	   20	  -35	   -3	   94	   86	  -92
	  -91	    0	  -60	  -85	   22	    6	   41
	  -28	  -69	    0	  -11	   24	   93	  -28
	  -93	  -99	  -29	    0	   28	   53	   68
	   93	   20	  -35	   -3	    0	   86	  -92
	   40	  -54	  -84	  -87	   91	    0	  -12
	   59	   60	   51	  -70	  -74	   72	    0

l.p.: 10
N = 7
b:
  -42	    9	  -65	   35	  -96	  -49	   75
A:
	    0	  -84	   -8	  -34	  -18	  -82	   65
	  -16	    0	   -8	  -34	  -18	  -82	   65
	   34	   85	    0	  -85	  -80	  -84	  -46
	  -15	   14	  -54	    0	   53	    5	  -87
	  -45	   37	  -12	    2	    0	   95	   55
	  -80	   45	  -63	   31	   -6	    0	   -3
	  -96	   95	   45	    6	  -37	  -87	    0

l.p.: 11
N = 7
b:
   -3	  -89	   29	   20	   20	  -82	  -91
A:
	    0	  -60	   71	   24	    0	   20	    0
	  -16	    0	   85	   73	  -12	  -29	   43
	   70	  -60	    0	   24	    0	   20	    0
	    5	  -70	   13	    0	   19	  -42	  -94
	   86	   84	  -80	  -22	    0	  -49	  -45
	  -26	  -44	   62	   74	   21	    0	  -99
	  -61	   29	  -40	    1	  -76	   13	    0

l.p.: 12
N = 7
b:
   -1	   92	  -60	   69	  -53	   98	  -70
A:
	    0	  -73	   20	   49	    7	   18	   61
	  -25	    0	   79	   58	  -75	   61	   60
	   -9	  -56	    0	   65	  -37	   74	   14
	   11	  -75	  -37	    0	  -24	   36	   23
	  -37	  -73	   20	   49	    0	   18	   61
	   35	  -41	  -86	  -24	  -64	    0	   -6
	  -24	   79	   87	   65	  -52	   82	    0

l.p.: 13
N = 7
b:
   64	   82	   61	   71	  -53	   85	  -95
A:
	    0	   -9	   68	  -36	   86	   94	  -72
	   26	    0	   68	  -36	   86	   94	  -72
	   70	  -33	    0	  -82	  -94	  -49	  -25
	   28	  -60	   81	    0	   33	   -2	    1
	   85	    1	   96	   69	    0	   95	   73
	  -79	   75	  -84	    7	   36	    0	   84
	    9	  -92	    1	   61	   -2	   -1	    0

l.p.: 14
N = 7
b:
   66	  -34	   28	   44	  -14	  -27	   97
A:
	    0	   -6	  -83	  -17	  -45	   43	   87
	  -63	    0	   84	  -11	  -84	   52	   90
	   59	   -6	    0	  -17	  -45	   43	   87
	   38	   77	   -9	    0	  -93	   50	   36
	   94	  -33	  -41	  -51	    0	   78	   48
	  -14	  -50	  -58	  -87	  -68	    0	  -40
	  -36	  -60	   71	   41	   73	  -13	    0

l.p.: 15
N = 7
b:
  -60	   41	  -42	  -25	  -33	  -98	  -88
A:
	    0	   73	  -59	  -56	    3	    0	   61
	    4	    0	  -35	   20	   12	    7	   77
	  -21	   73	    0	  -56	    3	    0	   61
	  -88	   40	   15	    0	   39	  -93	  -99
	   -2	   -4	   53	  -79	    0	  -40	  -62
	   66	   67	   46	  -22	   95	    0	   44
	  -84	  -71	  -19	  -13	   71	   28	    0

l.p.: 16
N = 7
b:
  -26	  -24	  -62	   -6	    2	   74	  -53
A:
	    0	   16	  -37	  -27	  -76	  -97	  -32
	  -47	    0	  -86	  -53	    5	   57	   49
	  -57	   -3	    0	    9	  -50	   65	  -89
	   75	   29	   34	    0	  -10	  -74	  -71
	   69	   71	  -24	   -8	    0	  -20	  -85
	  -73	   16	  -37	  -27	  -76	    0	  -32
	  -95	   71	  -95	  -88	  -21	  -32	    0

l.p.: 17
N = 7
b:
  -43	  -30	   49	   11	    6	   21	  -34
A:
	    0	  -37	  -32	   -9	  -77	    5	  -34
	   65	    0	  -83	   15	   31	  -72	  -48
	   -5	  -49	    0	   82	  -57	  -90	   20
	   67	  -48	  -26	    0	   46	   35	  -29
	   72	   43	  -59	  -28	    0	   80	   26
	   41	   97	   93	  -13	  -79	    0	   71
	  -72	  -37	  -32	   -9	  -77	    5	    0

l.p.: 18
N = 7
b:
   52	  -38	   79	  -56	   64	  -63	   50
A:
	    0	   41	   90	  -90	   88	   75	   44
	   25	    0	    2	   85	   70	   76	   47
	   96	   41	    0	  -90	   88	   75	   44
	   -1	  -30	  -25	    0	   93	   23	  -93
	   23	   33	   70	  -71	    0	   42	   92
	  -75	   67	   83	  -41	  -37	    0	  -31
	   93	   46	   68	  -85	    5	   43	    0

l.p.: 19
N = 7
b:
   16	   51	   68	   68	   -4	   68	   48
A:
	    0	  -55	  -99	    1	   14	  -95	   -7
	   46	    0	  -78	   32	   -2	   88	   66
	  -93	  -12	    0	   94	   13	  -61	   65
	   54	   34	   19	    0	  -41	   63	  -96
	   58	    2	   17	  -39	    0	  -59	  -17
	   45	  -55	  -99	    1	   14	    0	   -7
	   -1	    0	  -23	   -8	  -23	  -75	    0

l.p.: 20
N = 7
b:
  -77	  -55	  -14	   77	  -90	   -3	   21
A:
	    0	  -86	  -22	   73	   54	  -87	   12
	  -67	    0	  -38	   54	  -34	  -58	   71
	   83	   -7	    0	   34	  -86	   91	   40
	   87	   56	   25	    0	   31	  -39	    0
	  -24	  -86	  -22	   73	    0	  -87	   12
	   17	  -48	  -43	  -71	  -99	    0	  -89
	  -67	  -31	  -88	  -31	   72	    3	    0

l.p.: 21
N = 7
b:
   44	   34	  -50	   -7	   63	  -58	    3
A:
	    0	  -19	   68	   17	   85	   57	    9
	   -7	    0	   19	  -28	   61	   59	   75
	   53	   86	    0	   64	  -36	   74	  -58
	   47	  -19	   68	    0	   85	   57	    9
	   -8	  -49	   -8	  -50	    0	  -23	   62
	  -33	  -78	  -79	  -11	  -19	    0	  -87
	   66	   57	  -11	   84	  -27	   74	    0

l.p.: 22
N = 7
b:
   58	  -51	  -56	   21	  -10	   18	  -27
A:
	    0	   75	  -79	  -38	   95	  -13	  -87
	    5	    0	   33	    9	   13	   74	   53
	   85	   -6	    0	  -29	   -3	  -66	   18
	  -20	   68	  -86	    0	  -46	   -9	  -32
	  -50	   75	  -79	  -38	    0	  -13	  -87
	   -7	   59	  -62	   12	    6	    0	   90
	  -24	   33	   60	  -39	  -34	   61	    0

l.p.: 23
N = 7
b:
   12	   64	  -45	   -2	   45	   -5	   26
A:
	    0	  -20	  -35	   69	  -54	   44	  -45
	   66	    0	   55	   73	  -89	   20	   91
	  -43	  -20	    0	   69	  -54	   44	  -45
	  -73	  -64	  -65	    0	  -57	   24	  -40
	   76	  -79	  -55	    1	    0	  -70	   -5
	   88	   77	  -61	  -40	   83	    0	  -95
	  -33	  -31	   44	   62	   48	   76	    0

l.p.: 24
N = 7
b:
   -6	   23	    5	   67	   96	   25	   35
A:
	    0	  -23	   68	  -83	  -32	    4	   19
	   77	    0	  -86	  -55	  -23	  -27	  -30
	  -24	  -97	    0	   88	  -15	   -2	   17
	  -63	   69	   83	    0	   72	  -57	  -80
	  -37	   45	    8	   34	    0	   41	  -14
	   38	  -23	   68	  -83	  -32	    0	   19
	  -87	   45	  -32	  -18	   39	   67	    0

l.p.: 25
N = 7
b:
   14	  -58	   85	  -86	  -86	   47	   55
A:
	    0	  -98	   96	   22	   55	   29	   -2
	  -56	    0	   37	  -57	   64	  -68	   23
	   54	  -47	    0	  -70	  -18	  -38	  -15
	   17	  -98	   96	    0	   55	   29	   -2
	   10	  -27	  -30	   22	    0	   25	  -52
	   64	   69	  -15	   62	   31	    0	   80
	  -34	   53	   36	   57	   14	   12	    0

l.p.: 26
N = 7
b:
   11	   35	   17	   62	  -41	  -70	   32
A:
	    0	   91	  -77	  -98	  -58	   28	  -63
	   29	    0	  -38	   64	  -66	   -2	  -64
	   13	  -18	    0	  -26	  -21	   78	  -77
	   92	   86	   -7	    0	    9	  -53	   93
	  -83	   45	  -37	  -91	    0	   94	   65
	  -29	   91	  -77	  -98	  -58	    0	  -63
	  -50	  -31	  -61	   11	   21	   98	    0

l.p.: 27
N = 7
b:
  -29	  -28	  -66	   -9	  -99	  -70	    2
A:
	    0	   21	   46	   84	   -9	   12	  -90
	   22	    0	   51	  -17	  -65	  -70	   49
	  -26	   21	    0	   84	   -9	   12	  -90
	   94	  -35	   -4	    0	  -75	   59	  -55
	   84	   20	   16	   44	    0	   76	  -19
	   -4	  -78	   43	   27	   85	    0	   72
	   92	   10	   98	  -27	  -90	   24	    0

l.p.: 28
N = 7
b:
   77	    3	   26	  -88	   32	  -67	  -85
A:
	    0	   55	  -72	   75	  -33	   -9	   -7
	   19	    0	  -27	   61	   47	  -22	  -33
	   20	   55	    0	   75	  -33	   -9	   -7
	  -53	   89	   72	    0	   81	  -87	  -56
	   47	    5	  -55	   49	    0	  -46	  -46
	   81	  -10	   96	   -9	  -55	    0	   20
	    7	   68	  -63	    5	   30	  -83	    0

l.p.: 29
N = 7
b:
   20	  -37	  -75	  -58	  -87	  -73	   47
A:
	    0	   27	   15	   58	  -97	   17	   78
	  -93	    0	   65	   36	   93	   15	  -74
	  -79	   48	    0	   20	  -22	  -24	   91
	   51	   78	   77	    0	   79	  -85	  -18
	   74	   27	   15	   58	    0	   17	   78
	  -45	   95	   44	   27	  -62	    0	   -8
	   97	   76	   56	  -85	   13	  -12	    0

l.p.: 30
N = 7
b:
  -45	  -21	  -76	  -19	   50	  -29	   78
A:
	    0	   43	    1	   20	  -23	   92	   52
	   93	    0	  -67	    2	  -59	   -9	   94
	    3	   40	    0	   -2	  -65	  -68	   96
	   34	   43	    1	    0	  -23	   92	   52
	   16	  -33	   24	  -47	    0	  -42	   50
	   48	   85	   50	  -45	  -26	    0	  -88
	   37	  -14	  -72	   14	   49	  -46	    0

l.p.: 31
N = 7
b:
  -49	  -90	  -59	   10	  -13	   51	   97
A:
	    0	  -45	  -53	   76	  -94	  -50	  -88
	   32	    0	  -53	   76	  -94	  -50	  -88
	    2	   59	    0	   -2	    4	  -69	   58
	  -46	    0	   74	    0	  -96	    8	   73
	   28	   78	    2	  -87	    0	   28	  -91
	   17	  -21	  -33	   79	  -26	    0	   77
	  -85	  -51	   12	  -91	  -67	   47	    0

l.p.: 32
N = 7
b:
    6	   19	  -19	  -31	  -33	   11	  -80
A:
	    0	   39	  -57	  -41	   13	  -80	   11
	  -62	    0	  -54	    1	   19	  -27	  -84
	  -68	   39	    0	  -41	   13	  -80	   11
	  -25	  -85	    7	    0	  -44	   15	   79
	   41	   74	   97	  -90	    0	   35	  -82
	   38	  -23	   12	  -66	   23	    0	    2
	   96	   72	  -33	  -28	   24	  -50	    0

l.p.: 33
N = 7
b:
   34	  -32	  -68	  -76	   -5	   72	  -94
A:
	    0	   39	   34	    2	  -12	  -37	  -54
	  -16	    0	  -12	  -14	   -9	   19	  -89
	  -93	  -55	    0	   94	   89	    8	   12
	    2	  -52	   76	    0	  -85	  -19	  -68
	  -64	  -62	  -31	   -3	    0	   45	   24
	   64	   39	   34	    2	  -12	    0	  -54
	   73	   59	  -71	   62	   74	   45	    0

l.p.: 34
N = 7
b:
    5	   38	    5	  -32	  -22	  -92	   88
A:
	    0	    0	    8	   59	  -82	   18	   59
	   58	    0	    8	   59	  -82	   18	   59
	  -77	   31	    0	    6	   -5	   33	    2
	   98	  -24	   42	    0	  -20	  -84	  -91
	  -46	   92	   50	   54	    0	   98	   35
	  -93	   26	  -17	  -41	   61	    0	  -98
	  -24	  -26	  -91	   72	  -63	  -60	    0

l.p.: 35
N = 7
b:
  -99	   98	  -78	   30	   43	  -30	  -63
A:
	    0	   20	  -87	   75	   26	   89	   52
	    9	    0	    0	   65	   19	   35	  -71
	  -33	   80	    0	   76	  -68	  -42	  -42
	   71	   20	  -87	    0	   26	   89	   52
	  -46	   25	   39	   66	    0	    0	  -99
	  -91	   -3	   32	   22	  -85	    0	  -71
	   19	   43	  -31	   -2	  -81	   -7	    0

l.p.: 36
N = 7
b:
  -76	  -72	  -56	   42	   51	   10	   37
A:
	    0	   12	  -86	   69	   34	   88	   78
	  -87	    0	    2	  -42	   41	  -80	   -6
	  -15	  -11	    0	  -18	   23	   73	  -58
	  -87	   56	  -71	    0	  -74	    4	  -51
	   -5	  -15	  -99	   97	    0	  -77	   35
	  -30	   12	  -86	   69	   34	    0	   78
	   85	   43	   58	  -56	   43	   -2	    0

l.p.: 37
N = 7
b:
  -10	  -81	  -98	   93	   63	  -88	  -59
A:
	    0	  -68	   87	   51	  -52	   54	   -9
	   85	    0	  -91	  -15	  -60	   29	   62
	  -77	   -9	    0	  -22	  -62	  -22	  -61
	   66	   30	  -95	    0	  -83	   -8	  -60
	   44	   44	   36	   53	    0	  -53	  -96
	   64	  -68	   87	   51	  -52	    0	   -9
	   -3	  -49	  -79	   71	  -28	   57	    0

l.p.: 38
N = 7
b:
   91	    3	  -49	  -64	    2	   93	  -71
A:
	    0	    6	  -88	  -14	   35	  -98	   35
	   75	    0	  -88	  -14	   35	  -98	   35
	    5	   -5	    0	   61	   50	   -3	  -83
	  -69	   89	   14	    0	  -36	   36	   56
	  -95	  -37	  -77	  -19	    0	  -34	  -55
	   29	   71	   67	   91	   38	    0	   34
	  -35	   95	   15	  -32	   28	   66	    0

l.p.: 39
N = 7
b:
   62	  -27	   77	  -34	  -58	   83	  -71
A:
	    0	   51	  -24	   71	    0	  -68	  -76
	  -83	    0	   96	   29	   -2	   51	   76
	   19	   67	    0	  -37	  -57	  -16	  -66
	  -21	  -56	  -72	    0	  -31	   41	   33
	  -59	  -16	   47	   92	    0	  -83	   84
	  -96	   51	  -24	   71	    0	    0	  -76
	   19	   59	  -24	  -39	  -37	   49	    0

l.p.: 40
N = 7
b:
   17	  -84	  -31	   57	   97	  -23	   94
A:
	    0	    9	  -73	  -64	  -38	   35	   24
	  -95	    0	   65	    9	  -99	   46	   85
	  -13	   55	    0	  -93	  -98	  -64	  -79
	   73	    9	  -73	    0	  -38	   35	   24
	   -7	   11	  -19	   91	    0	  -95	  -14
	  -14	  -68	   98	  -31	   76	    0	  -16
	  -54	  -26	  -56	   56	   71	  -60	    0

l.p.: 41
N = 7
b:
   39	   58	  -42	   76	   64	   98	  -83
A:
	    0	   95	  -79	  -34	  -56	  -44	  -48
	  -97	    0	  -73	  -76	   20	  -34	   69
	   -5	   97	    0	  -83	  -33	   50	  -59
	   -1	   95	  -79	    0	  -56	  -44	  -48
	  -76	   90	   -2	   56	    0	  -97	   42
	   43	  -74	   94	   13	  -16	    0	   79
	   25	  -90	   29	   56	   64	   50	    0

l.p.: 42
N = 7
b:
  -77	   88	   30	  -59	  -43	  -31	  -85
A:
	    0	   77	   24	  -61	  -21	   97	   49
	  -64	    0	   26	   22	  -95	  -95	  -94
	   27	   77	    0	  -61	  -21	   97	   49
	  -71	   63	  -79	    0	   86	  -48	   78
	   21	   63	   47	  -16	    0	   26	   26
	   72	  -19	   95	   -7	  -33	    0	   98
	   54	  -79	   72	   57	   -2	   74	    0

l.p.: 43
N = 7
b:
  -50	   -4	   80	   47	  -36	  -33	   97
A:
	    0	  -16	  -67	   92	  -53	  -36	  -59
	   65	    0	  -66	  -85	   59	  -50	   74
	  -24	  -82	    0	  -56	   20	  -52	    1
	   86	   27	  -47	    0	  -42	  -27	   82
	  -52	  -85	  -71	   90	    0	   78	   74
	   33	  -16	  -67	   92	  -53	    0	  -59
	   71	   82	  -29	   31	   76	   40	    0

l.p.: 44
N = 7
b:
  -67	  -22	   66	  -62	  -72	   44	   66
A:
	    0	  -45	  -87	    3	  -95	   17	   30
	  -71	    0	   57	   -7	  -96	   61	   43
	   54	  -70	    0	   45	   85	  -42	   80
	   38	  -45	  -87	    0	  -95	   17	   30
	   69	   83	    3	  -44	    0	  -50	  -93
	  -20	   34	   92	  -99	   33	    0	   -6
	  -57	  -61	   88	  -70	  -56	  -32	    0

l.p.: 45
N = 7
b:
   11	   98	  -34	   -6	  -30	   67	   -7
A:
	    0	   28	   88	  -33	  -12	   44	   81
	   -3	    0	   88	  -33	  -12	   44	   81
	   12	  -59	    0	   57	  -46	   88	   18
	  -52	   77	    9	    0	   17	   -2	  -30
	  -50	  -56	   68	   36	    0	  -97	   36
	   -6	   65	   70	   -4	   90	    0	   15
	  -82	   69	  -30	   51	   20	  -44	    0

l.p.: 46
N = 7
b:
   59	  -54	    8	   93	   61	  -93	   94
A:
	    0	  -59	   34	   10	   49	   92	   95
	  -64	    0	    6	  -69	   11	   32	  -65
	   98	   36	    0	   67	  -73	   -3	   92
	   85	  -59	   34	    0	   49	   92	   95
	   13	  -61	  -67	   36	    0	  -19	   80
	   68	  -41	   62	   43	  -12	    0	  -20
	   -2	   13	  -63	  -26	  -14	  -72	    0

l.p.: 47
N = 7
b:
   11	  -58	   51	  -63	   20	    9	   59
A:
	    0	   92	  -88	  -68	    5	   49	   22
	  -57	    0	   84	   67	  -51	   87	  -65
	    6	   38	    0	   81	   12	  -27	  -29
	  -39	  -42	  -55	    0	   24	   50	   52
	  -98	   92	  -88	  -68	    0	   49	   22
	  -12	  -67	   12	   55	  -15	    0	    2
	  -48	  -19	  -83	    3	   40	  -35	    0

l.p.: 48
N = 7
b:
   49	   -6	  -48	   39	  -68	  -97	   41
A:
	    0	  -59	   71	  -92	    4	   15	  -47
	  -74	    0	  -36	   59	  -30	  -18	   82
	   97	   69	    0	  -41	   98	  -17	   -5
	  -76	   27	  -46	    0	  -90	   58	  -42
	  -18	  -29	   98	   27	    0	   53	  -42
	  -65	  -59	   71	  -92	    4	    0	  -47
	    1	   63	  -30	  -82	   46	   37	    0

l.p.: 49
N = 7
b:
   76	  -61	  -28	  -23	  -36	   -3	   61
A:
	    0	   94	   18	  -59	   22	   97	  -11
	  -62	    0	   16	  -38	   25	  -62	  -23
	   50	   94	    0	  -59	   22	   97	  -11
	  -20	   73	  -25	    0	   34	   18	   92
	   78	    3	   51	  -39	    0	  -94	   53
	    1	    7	  -74	  -86	   76	    0	  -84
	   79	  -81	  -83	    7	  -67	   46	    0

l.p.: 50
N = 7
b:
   88	  -60	  -52	  -57	  -66	  -95	   16
A:
	    0	    2	   25	  -46	   86	   77	   70
	   85	    0	  -37	   20	   60	  -39	  -51
	   32	  -67	    0	  -44	   -3	   50	  -93
	   32	    2	   25	    0	   86	   77	   70
	  -95	   23	  -96	   72	    0	  -85	   79
	  -56	   97	  -29	  -26	   48	    0	  -20
	   -6	   64	   12	   73	  -85	  -76	    0

l.p.: 51
N = 7
b:
  -69	   93	   76	  -31	   85	  -37	  -35
A:
	    0	  -50	  -64	  -22	   80	   80	  -42
	  -81	    0	  -64	  -22	   80	   80	  -42
	  -92	  -59	    0	  -69	    0	   94	  -78
	   97	   20	   26	    0	  -93	   -3	   34
	  -61	   -9	   38	   75	    0	  -70	   97
	   78	  -37	    5	   15	  -23	    0	  -28
	   12	   -3	  -45	   -1	   27	  -28	    0

l.p.: 52
N = 7
b:
   11	  -82	   22	   49	   12	  -42	  -15
A:
	    0	  -20	  -94	  -75	   76	  -30	  -80
	  -89	    0	  -68	   44	  -65	  -41	   62
	  -41	  -20	    0	  -75	   76	  -30	  -80
	  -79	  -97	  -84	    0	   98	  -69	   -2
	  -84	  -66	  -82	   56	    0	  -25	  -53
	  -75	  -82	  -95	  -83	   72	    0	   56
	   91	  -67	    9	   78	   20	  -44	    0

l.p.: 53
N = 7
b:
   44	   78	  -86	  -20	  -36	   31	  -44
A:
	    0	   -8	  -21	  -26	  -15	   -5	   82
	  -17	    0	   79	   47	  -11	   78	   39
	   64	   -8	    0	  -26	  -15	   -5	   82
	  -14	  -92	  -64	    0	    8	   29	  -62
	   -4	   52	  -73	   31	    0	   48	   95
	  -47	   -8	  -48	  -37	   29	    0	    4
	   35	  -53	  -48	   81	   70	   -2	    0

l.p.: 54
N = 7
b:
  -69	  -56	   76	   92	  -63	   16	  -82
A:
	    0	  -17	   80	   46	  -96	   17	  -73
	   -7	    0	  -65	  -10	  -61	  -10	   43
	  -76	   24	    0	  -72	  -15	  -85	   32
	  -91	  -26	  -30	    0	    6	  -16	   34
	  -87	  -74	  -15	  -77	    0	   92	    7
	  -93	   23	   68	   66	   56	    0	   17
	    5	  -17	   80	   46	  -96	   17	    0

l.p.: 55
N = 7
b:
   40	  -54	  -11	   14	  -86	   65	  -25
A:
	    0	   38	   -5	   34	   15	  -62	   26
	    0	    0	  -98	  -92	   76	  -26	  -55
	  -85	  -78	    0	   92	   60	   97	  -16
	  -34	   -4	   26	    0	   10	   42	   32
	  -71	   -5	   51	   23	    0	  -15	   24
	  -65	  -75	  -50	   78	  -86	    0	   42
	  -38	   38	   -5	   34	   15	  -62	    0

l.p.: 56
N = 7
b:
  -39	   83	  -54	  -40	   58	  -55	  -69
A:
	    0	  -99	   74	   24	  -89	  -50	    2
	   40	    0	   88	   21	   82	   71	  -94
	  -40	   48	    0	   37	   46	  -32	   50
	  -88	   34	  -70	    0	   -7	  -78	  -31
	  -89	   35	  -88	  -33	    0	   11	   -6
	  -47	  -99	   74	   24	  -89	    0	    2
	   48	  -63	   -8	   15	   40	  -33	    0

l.p.: 57
N = 7
b:
  -10	  -18	  -92	   63	   96	   28	  -10
A:
	    0	   96	   10	   11	   26	   49	   77
	   38	    0	  -82	  -10	   91	   -2	  -82
	  -61	  -92	    0	  -82	   -9	  -18	   74
	  -27	  -82	   41	    0	  -40	   56	   30
	   29	   96	   10	   11	    0	   49	   77
	   -2	  -55	   73	    1	  -85	    0	   -8
	  -42	  -89	  -60	   -4	   85	   81	    0

l.p.: 58
N = 7
b:
  -22	   -7	  -63	  -50	  -55	  -84	   69
A:
	    0	  -35	   47	   -6	   81	  -42	   45
	  -26	    0	   47	   -6	   81	  -42	   45
	  -76	   71	    0	   25	  -25	   68	    2
	  -13	   77	  -35	    0	  -59	   35	  -82
	  -35	  -76	   -5	   33	    0	   89	  -42
	  -43	  -24	  -80	   -5	   57	    0	  -68
	  -17	   94	   72	   52	  -33	   72	    0

l.p.: 59
N = 7
b:
   20	   28	   16	   62	  -41	   66	  -90
A:
	    0	   78	  -45	  -68	  -39	   -8	   92
	  -90	    0	   -9	  -89	   -1	  -21	   76
	   42	   -3	    0	   81	  -38	   78	   96
	   53	   78	  -45	    0	  -39	   -8	   92
	   97	  -74	  -72	   22	    0	    7	  -39
	   -6	  -95	   71	  -52	  -46	    0	  -86
	   50	  -33	  -42	   19	   70	   64	    0

l.p.: 60
N = 7
b:
   77	  -90	  -78	    6	  -35	   10	   69
A:
	    0	  -25	   31	  -25	   27	   63	  -75
	  -98	    0	   15	  -80	  -79	   -9	   52
	  -43	  -34	    0	  -39	   21	   29	  -17
	   96	   11	  -84	    0	  -52	   17	   23
	    5	  -90	   83	   76	    0	   94	  -59
	  -44	   51	   67	  -90	  -49	    0	  -66
	  -64	  -25	   31	  -25	   27	   63	    0

l.p.: 61
N = 7
b:
  -76	  -31	  -54	    4	  -45	  -59	   47
A:
	    0	   53	   88	   47	   31	  -37	  -98
	   51	    0	  -64	  -38	    9	  -23	  -21
	   15	  -97	    0	   46	   31	   74	   -7
	   13	  -25	  -55	    0	  -48	  -10	   25
	   22	  -39	   34	   69	    0	   84	  -36
	  -88	   53	   88	   47	   31	    0	  -98
	   27	   88	   62	   41	   54	   31	    0

l.p.: 62
N = 7
b:
   92	   20	   39	    4	  -68	  -84	   13
A:
	    0	   64	   80	  -61	  -41	   59	  -20
	  -20	    0	  -65	  -25	  -92	   25	   57
	   22	   60	    0	   88	  -27	  -27	  -35
	  -53	  -64	  -11	    0	   56	  -17	   30
	  -10	  -68	  -64	   60	    0	   48	  -32
	    5	   64	   80	  -61	  -41	    0	  -20
	  -12	   -9	   40	   33	   58	   53	    0

l.p.: 63
N = 7
b:
  -38	   32	  -26	  -10	  -73	   22	   57
A:
	    0	  -50	   23	    4	  -14	   75	  -93
	  -94	    0	   70	  -37	   73	   21	  -58
	   63	  -50	    0	    4	  -14	   75	  -93
	   14	   96	   55	    0	   63	  -64	  -72
	  -58	   29	  -40	   78	    0	   26	   41
	   49	  -23	  -11	   -7	  -58	    0	   35
	   30	   28	   42	   28	  -41	   89	    0

l.p.: 64
N = 7
b:
  -25	   82	   23	    1	    6	   54	  -47
A:
	    0	  -24	   -3	   24	  -39	  -25	   73
	  -29	    0	   -3	   24	  -39	  -25	   73
	   42	  -92	    0	   96	  -78	   15	  -15
	  -20	  -60	   33	    0	    6	   17	   -3
	  -78	  -41	  -58	   45	    0	   39	   84
	  -74	   71	  -28	  -32	  -91	    0	   13
	  -42	   32	  -28	  -90	  -71	   18	    0

l.p.: 65
N = 7
b:
  -61	   10	    6	  -66	   -6	   -8	   74
A:
	    0	   26	  -16	  -65	   77	  -63	  -75
	  -68	    0	  -16	  -65	   77	  -63	  -75
	    9	  -86	    0	   18	   74	  -51	   38
	  -94	    5	  -70	    0	   63	   -4	  -20
	   15	  -32	  -11	  -90	    0	   88	   45
	  -74	  -10	    2	   31	   10	    0	  -21
	   97	  -75	  -84	   95	  -60	   29	    0

l.p.: 66
N = 7
b:
   37	  -20	   70	  -35	   51	   20	   59
A:
	    0	  -13	  -72	  -45	  -45	   98	   62
	  -89	    0	   57	   76	   35	    7	  -75
	   58	  -38	    0	  -44	  -18	  -93	  -40
	   87	  -41	   77	    0	  -41	   12	   48
	   52	  -91	   10	  -63	    0	   16	   92
	   17	  -13	  -72	  -45	  -45	    0	   62
	   69	    9	   42	    1	   31	   46	    0

l.p.: 67
N = 7
b:
   61	  -45	   29	   -3	  -52	  -24	   32
A:
	    0	  -96	  -83	  -50	  -50	   17	  -54
	  -16	    0	  -51	  -45	  -78	  -58	   93
	  -86	   52	    0	  -35	  -36	   78	   33
	   30	  -82	  -36	    0	  -32	   97	   98
	   -7	   87	   73	   20	    0	   51	  -84
	   20	  -43	   49	   67	   20	    0	   46
	   65	  -96	  -83	  -50	  -50	   17	    0

l.p.: 68
N = 7
b:
   17	  -82	  -58	  -11	  -46	  -15	   22
A:
	    0	   60	   66	  -83	   89	  -10	   37
	    5	    0	  -16	  -99	  -57	  -58	  -80
	  -36	   60	    0	  -83	   89	  -10	   37
	  -53	   -8	   77	    0	  -40	   95	  -48
	   53	   57	  -32	   -9	    0	  -98	   13
	  -80	   -7	  -93	   82	   43	    0	   43
	   63	  -76	  -51	  -29	   90	  -27	    0

l.p.: 69
N = 7
b:
  -24	  -73	   73	    3	   65	  -92	  -71
A:
	    0	  -20	   31	   12	   91	  -16	   11
	  -27	    0	  -46	   27	  -15	   91	   56
	  -14	   55	    0	  -23	  -70	   84	  -49
	  -16	  -56	   27	    0	  -54	   20	  -54
	   23	   69	   93	  -93	    0	  -86	  -59
	   35	  -20	   31	   12	   91	    0	   11
	  -26	  -54	  -91	   78	   53	   70	    0

l.p.: 70
N = 7
b:
   35	  -24	  -57	   43	   82	  -23	  -92
A:
	    0	   27	  -58	   29	  -30	  -77	   89
	   29	    0	   77	   62	  -28	  -62	   86
	  -14	   84	    0	   23	    7	  -20	   86
	  -52	   20	  -87	    0	   63	  -88	  -20
	   48	   -9	   78	  -12	    0	  -10	   11
	  -96	   43	   14	   97	   47	    0	   59
	   78	   27	  -58	   29	  -30	  -77	    0

l.p.: 71
N = 7
b:
   55	  -15	   93	  -75	   62	   82	  -69
A:
	    0	    4	  -64	  -17	  -83	   58	   65
	  -66	    0	  -51	  -19	  -59	  -69	   69
	   22	   90	    0	    7	   82	  -85	  -42
	   75	    4	  -64	    0	  -83	   58	   65
	  -65	   96	   75	   97	    0	   29	  -56
	    5	  -74	  -36	   76	  -34	    0	  -54
	  -50	  -59	  -32	   40	  -45	   96	    0

l.p.: 72
N = 7
b:
   79	  -75	  -27	   -7	    0	  -63	    0
A:
	    0	    6	   22	   81	   35	  -71	  -37
	   11	    0	   66	  -10	   76	  -92	   86
	  -81	   28	    0	  -96	   44	   88	   -5
	   50	    6	   22	    0	   35	  -71	  -37
	  -35	  -57	   85	  -27	    0	  -20	   89
	   50	  -68	  -72	    7	  -82	    0	   67
	   54	   94	   90	  -41	  -27	  -10	    0

l.p.: 73
N = 7
b:
   78	   80	   -8	  -32	  -97	   97	  -18
A:
	    0	  -16	  -16	   76	  -93	    2	   19
	  -38	    0	   83	  -93	   74	   23	   75
	   -5	   54	    0	  -97	   13	   -3	   76
	  -89	  -16	  -16	    0	  -93	    2	   19
	  -42	  -30	  -89	  -93	    0	   45	   21
	   96	   40	   12	   15	   16	    0	   54
	   -3	   47	  -48	  -25	  -75	  -23	    0

l.p.: 74
N = 7
b:
  -14	   88	  -68	   27	  -84	   43	  -39
A:
	    0	    8	    8	   -9	  -44	  -66	    1
	  -34	    0	  -72	   47	   31	  -45	   59
	   93	   23	    0	  -28	  -76	   16	  -93
	   31	   36	   12	    0	  -16	  -34	  -57
	   52	  -14	  -17	   27	    0	   61	   87
	    8	  -77	   62	  -99	   57	    0	  -58
	  -36	    8	    8	   -9	  -44	  -66	    0

l.p.: 75
N = 7
b:
    4	   34	   37	    8	    6	  -11	    0
A:
	    0	  -40	   79	  -75	   81	  -38	   95
	  -30	    0	  -26	   27	  -38	  -56	  -47
	   45	  -17	    0	  -98	    7	  -22	  -53
	  -22	   73	   46	    0	    3	   38	  -98
	   -5	  -40	   79	  -75	    0	  -38	   95
	  -47	  -92	  -39	  -65	   73	    0	  -46
	   69	  -42	   43	  -88	   66	  -18	    0

l.p.: 76
N = 7
b:
   53	  -40	    6	   54	  -12	  -51	   46
A:
	    0	  -24	   38	   89	   68	   32	   86
	  -65	    0	   38	   89	   68	   32	   86
	   75	   33	    0	  -18	  -37	  -86	   89
	  -39	   38	  -43	    0	  -11	   15	   22
	   -7	  -70	  -21	  -65	    0	   85	  -21
	  -22	  -12	   75	  -23	  -93	    0	   73
	  -81	   90	  -41	   98	   77	   50	    0

l.p.: 77
N = 7
b:
  -95	  -82	   82	   23	  -47	  -65	  -91
A:
	    0	  -16	  -49	   84	   68	   31	   73
	  -83	    0	  -20	  -14	  -74	   95	  -83
	  -52	   92	    0	   46	  -95	   93	   -2
	  -60	  -16	  -49	    0	   68	   31	   73
	  -53	  -94	   20	   66	    0	   55	    2
	  -57	    5	   97	    6	  -83	    0	   30
	  -52	   45	   42	  -59	  -26	  -96	    0

l.p.: 78
N = 7
b:
   77	  -44	  -46	  -76	    6	   91	   39
A:
	    0	   31	   19	   22	  -76	   38	   73
	  -90	    0	  -65	  -24	  -11	   12	   58
	  -92	   31	    0	   22	  -76	   38	   73
	   -9	   67	   87	    0	   -6	   -5	   25
	  -58	    7	   71	  -62	    0	  -99	  -37
	   13	  -15	   -6	  -18	  -97	    0	   34
	   24	   88	  -68	  -71	  -56	  -64	    0

l.p.: 79
N = 7
b:
  -71	  -17	  -49	   90	   76	   81	   55
A:
	    0	    9	  -45	   17	  -91	   80	  -20
	  -31	    0	   -6	  -35	    7	  -40	  -97
	   52	  -47	    0	   57	  -53	   56	  -71
	   78	   -2	   40	    0	  -77	  -22	   -9
	  -97	   57	   93	  -55	    0	   64	    9
	  -11	   80	   64	  -80	   92	    0	  -20
	   -5	    9	  -45	   17	  -91	   80	    0

l.p.: 80
N = 7
b:
   -5	   44	   -3	   22	  -24	  -84	  -52
A:
	    0	   -1	  -67	   -6	  -40	   68	   71
	  -79	    0	  -67	   -6	  -40	   68	   71
	   66	   68	    0	  -83	  -30	  -23	  -21
	   50	   87	   44	    0	  -98	   35	  -54
	   62	   78	    7	   76	    0	   21	  -78
	  -62	  -82	   56	  -50	  -83	    0	  -83
	   89	    9	  -82	   80	  -44	  -37	    0

l.p.: 81
N = 7
b:
   50	   35	   97	  -57	   47	  -37	  -75
A:
	    0	  -24	  -74	  -91	  -74	  -14	   86
	  -67	    0	   43	   94	   82	   -7	   62
	  -98	  -24	    0	  -91	  -74	  -14	   86
	   11	   20	  -40	    0	   53	   89	   89
	  -22	   55	  -55	  -86	    0	   25	  -53
	  -26	   19	   77	   35	    0	    0	  -45
	  -86	   86	    6	   10	  -52	   21	    0

l.p.: 82
N = 7
b:
  -23	  -31	  -56	  -54	   22	   56	   80
A:
	    0	   -2	   39	  -37	  -46	  -80	   71
	  -59	    0	   86	  -93	  -29	   29	  -17
	   92	   88	    0	  -16	   -4	   27	  -79
	  -73	   55	  -32	    0	   55	   45	   45
	   49	    9	  -77	  -28	    0	   -9	  -84
	  -57	   47	  -11	  -38	  -90	    0	  -37
	  -45	   -2	   39	  -37	  -46	  -80	    0

l.p.: 83
N = 7
b:
   85	  -22	    2	   66	  -20	  -95	  -11
A:
	    0	  -60	   -3	   17	   98	   50	  -61
	   48	    0	   -3	   17	   98	   50	  -61
	  -78	  -58	    0	   56	   82	   77	  -28
	  -39	  -56	  -26	    0	   82	   71	  -92
	    2	   37	  -77	  -86	    0	  -75	   67
	   10	   27	  -29	   57	   81	    0	   93
	   60	  -51	  -77	  -44	   53	  -27	    0

l.p.: 84
N = 7
b:
   14	   -3	  -73	  -61	  -92	   51	  -77
A:
	    0	   -7	   54	  -41	   18	    5	   12
	   33	    0	  -15	   62	  -21	   19	   35
	   58	  -27	    0	  -75	   48	  -67	  -62
	   71	  -51	   65	    0	    7	   61	  -98
	  -79	   -7	   54	  -41	    0	    5	   12
	   29	  -75	   -7	   41	  -78	    0	   97
	   30	  -48	  -80	   61	   53	   74	    0

l.p.: 85
N = 7
b:
   -8	  -40	  -87	  -92	  -61	   13	   -3
A:
	    0	   72	   41	  -44	  -69	  -29	  -72
	    1	    0	   -8	    0	   74	   44	   89
	  -65	   72	    0	  -44	  -69	  -29	  -72
	   22	   94	   -4	    0	   80	  -36	   43
	   45	   51	   29	   -9	    0	  -95	   96
	  -89	  -30	  -94	   84	   58	    0	   56
	   84	   79	  -30	    8	  -80	   63	    0

l.p.: 86
N = 7
b:
   89	  -85	  -37	  -36	  -34	   92	  -27
A:
	    0	  -46	   78	   67	   -1	    7	  -60
	  -42	    0	   93	  -28	   95	   41	  -68
	   67	   71	    0	   75	   22	   39	  -60
	   97	  -46	   78	    0	   -1	    7	  -60
	   90	   -2	   80	   10	    0	  -85	   65
	  -90	  -13	   38	  -28	   -1	    0	   37
	   33	   98	  -57	  -27	  -97	   30	    0

l.p.: 87
N = 7
b:
  -47	   -3	  -44	  -33	   17	   86	   53
A:
	    0	   97	  -80	  -20	    0	   71	  -87
	  -11	    0	  -44	  -20	   89	   34	   14
	   -9	   20	    0	   45	   41	   96	   60
	   29	   85	    4	    0	  -69	   -5	  -78
	   -4	   80	   -3	  -50	    0	  -72	  -71
	  -27	   82	  -85	   66	   94	    0	  -72
	  -82	   97	  -80	  -20	    0	   71	    0

l.p.: 88
N = 7
b:
   21	   87	   70	  -56	   55	  -67	  -35
A:
	    0	  -54	  -36	  -53	  -65	  -85	  -30
	  -32	    0	  -36	  -53	  -65	  -85	  -30
	   19	   48	    0	   29	   33	  -61	  -52
	  -62	  -57	   79	    0	  -98	   86	    5
	  -91	  -16	   49	   69	    0	  -18	  -29
	  -82	  -56	   97	   16	  -73	    0	   -8
	  -74	   96	   24	   19	    0	   30	    0

l.p.: 89
N = 7
b:
   77	  -38	   33	  -96	  -92	   40	   16
A:
	    0	   -4	   98	   29	  -73	    7	  -75
	   39	    0	   41	  -93	  -54	   93	   51
	   84	  -13	    0	  -41	  -65	   53	   56
	   80	  -22	   33	    0	   30	   52	   92
	  -95	  -34	  -52	  -19	    0	  -77	   17
	  -53	   -4	   98	   29	  -73	    0	  -75
	  -18	   98	  -33	  -97	  -95	   65	    0

l.p.: 90
N = 7
b:
   36	   54	  -58	   -2	  -10	   -9	   -1
A:
	    0	  -41	   77	    0	  -27	   74	   86
	   76	    0	  -75	   30	  -79	   31	   24
	   30	   75	    0	  -81	   97	  -26	   38
	  -40	   45	   52	    0	   -9	  -76	  -20
	  -93	  -41	   77	    0	    0	   74	   86
	   97	  -54	   46	  -99	  -14	    0	  -37
	   25	   24	  -52	  -75	   69	  -51	    0

l.p.: 91
N = 7
b:
    6	  -37	   98	   11	   23	   31	   36
A:
	    0	  -72	  -65	  -60	   10	  -97	  -25
	  -84	    0	   19	  -34	  -93	  -55	   -5
	  -12	  -72	    0	  -60	   10	  -97	  -25
	  -47	   67	   66	    0	   -3	   34	   94
	   19	   62	  -53	  -93	    0	   82	   76
	  -30	  -41	   28	  -87	  -43	    0	   52
	   62	  -68	  -37	   54	   40	   17	    0

l.p.: 92
N = 7
b:
  -56	   30	   29	  -66	  -53	   65	  -21
A:
	    0	   69	   87	   71	  -29	  -84	  -15
	   22	    0	  -18	  -82	  -47	  -29	   27
	   53	   70	    0	   87	   33	  -10	   54
	    4	   90	  -45	    0	  -94	    2	   81
	   48	   69	   87	   71	    0	  -84	  -15
	  -71	    2	  -82	  -44	   24	    0	   10
	   23	    1	  -62	  -70	  -64	  -17	    0

l.p.: 93
N = 7
b:
   74	   32	   87	  -35	  -60	   24	   25
A:
	    0	   25	  -10	  -47	   35	   59	   69
	   82	    0	  -10	  -47	   35	   59	   69
	  -35	  -92	    0	   -3	  -91	  -96	  -60
	  -55	   35	   82	    0	   11	   21	   28
	  -91	   65	   41	  -60	    0	  -94	   36
	  -55	   93	   93	  -29	  -13	    0	   24
	   62	  -76	   98	  -56	   46	  -22	    0

l.p.: 94
N = 7
b:
   63	  -77	    0	  -43	  -24	  -18	  -54
A:
	    0	   77	  -91	   48	  -81	    4	   60
	  -60	    0	  -56	   89	   83	   84	    2
	    8	  -41	    0	  -13	   16	  -52	  -51
	  -28	  -94	   13	    0	   71	   17	   88
	   62	   77	  -91	   48	    0	    4	   60
	  -12	   97	   22	  -68	  -75	    0	   51
	   91	    9	   33	  -91	   29	  -52	    0

l.p.: 95
N = 7
b:
    6	  -24	   95	  -56	  -59	   78	  -71
A:
	    0	  -73	   96	  -47	  -10	  -54	  -30
	   46	    0	   62	  -57	   -5	  -50	  -64
	  -36	  -61	    0	  -68	  -88	   39	  -57
	  -79	   30	   38	    0	   94	   85	  -64
	  -52	   73	   51	  -92	    0	    1	   86
	   21	  -73	   96	  -47	  -10	    0	  -30
	  -46	    1	  -34	  -45	   -2	   25	    0

l.p.: 96
N = 7
b:
  -17	  -11	  -71	  -45	  -86	  -39	  -41
A:
	    0	  -97	   25	  -60	  -99	  -71	   65
	  -46	    0	   98	  -11	  -33	  -67	   22
	   41	  -97	    0	  -60	  -99	  -71	   65
	   38	  -21	    1	    0	  -23	  -89	  -58
	   13	  -14	   33	  -74	    0	   25	   78
	   62	   62	  -90	   -2	  -19	    0	   87
	   94	   68	    2	   59	   36	   -1	    0

l.p.: 97
N = 7
b:
   50	   90	  -65	   75	  -31	   88	  -88
A:
	    0	  -90	  -22	   66	  -37	  -20	  -92
	   93	    0	  -89	  -94	   88	   43	  -15
	   76	  -90	    0	   66	  -37	  -20	  -92
	  -28	  -46	   13	    0	   15	  -22	   63
	   -4	   49	   10	   56	    0	  -98	  -13
	  -49	  -47	   19	   66	   -5	    0	   59
	   69	  -37	   92	  -61	  -67	   52	    0

l.p.: 98
N = 7
b:
   29	   62	  -81	   81	  -24	  -59	    6
A:
	    0	   41	   24	  -10	   57	   47	   33
	  -18	    0	  -32	   80	  -44	  -45	   -8
	   33	   90	    0	  -19	  -52	   26	    9
	    0	   16	   66	    0	   -1	   76	   84
	   28	  -31	   -2	   39	    0	  -62	   31
	  -32	   41	   24	  -10	   57	    0	   33
	  -29	  -24	  -99	   19	   27	  -18	    0

l.p.: 99
N = 7
b:
  -16	   94	  -58	  -62	  -38	   25	  -71
A:
	    0	   81	  -26	    0	  -76	    0	   31
	   58	    0	   40	  -85	   30	   54	  -39
	  -64	  -73	    0	   59	   46	   49	   37
	  -60	  -64	   65	    0	   19	   19	   60
	  -71	  -71	  -55	    8	    0	  -15	   79
	  -81	  -32	   65	  -62	   94	    0	  -10
	  -25	   81	  -26	    0	  -76	    0	    0
