l.p.: 1
a0=-3.8		a1=-3.9		a2=6.0		a3=-4.7		a4=9.3		a5=9.0		a6=7.1		a7=-9.3		a8=-0.2		a9=-0.8
xi:	   -7.0000	   -6.6608	   -6.3360	   -6.0250	   -5.7272	   -5.4420	   -5.1688	   -4.9073	   -4.6569	   -4.4170	   -4.1874	   -3.9674	   -3.7568	   -3.5552	   -3.3620	   -3.1771	   -3.0000	   -2.8304	   -2.6680	   -2.5125	   -2.3636	   -2.2210	   -2.0844	   -1.9537	   -1.8284	   -1.7085	   -1.5937	   -1.4837	   -1.3784	   -1.2776	   -1.1810	   -1.0885	   -1.0000	   -0.9152	   -0.8340	   -0.7563	   -0.6818	   -0.6105	   -0.5422	   -0.4768	   -0.4142	   -0.3543	   -0.2968	   -0.2419	   -0.1892	   -0.1388	   -0.0905	   -0.0443	    0.0000	    0.0400	    0.0816	    0.1249	    0.1699	    0.2167	    0.2654	    0.3161	    0.3687	    0.4235	    0.4805	    0.5397	    0.6013	    0.6654	    0.7321	    0.8014	    0.8734	    0.9484	    1.0264	    1.1075	    1.1918	    1.2795	    1.3707	    1.4656	    1.5643	    1.6669	    1.7736	    1.8846	    2.0000	    2.1200	    2.2449	    2.3747	    2.5098	    2.6502	    2.7963	    2.9482	    3.1062	    3.2705	    3.4414	    3.6191	    3.8040	    3.9962	    4.1962	    4.4041	    4.6203	    4.8452	    5.0791	    5.3224	    5.5754	    5.8385	    6.1122	    6.3968	    6.6928	    7.0006	    7.3207	    7.6537	    8.0000

l.p.: 2
a0=0.8		a1=6.3		a2=0.4		a3=-9.7		a4=4.3		a5=-4.5		a6=3.5		a7=8.7		a8=-4.9		a9=1.3
xi:	   -7.0000	   -6.6608	   -6.3360	   -6.0250	   -5.7272	   -5.4420	   -5.1688	   -4.9073	   -4.6569	   -4.4170	   -4.1874	   -3.9674	   -3.7568	   -3.5552	   -3.3620	   -3.1771	   -3.0000	   -2.8304	   -2.6680	   -2.5125	   -2.3636	   -2.2210	   -2.0844	   -1.9537	   -1.8284	   -1.7085	   -1.5937	   -1.4837	   -1.3784	   -1.2776	   -1.1810	   -1.0885	   -1.0000	   -0.9152	   -0.8340	   -0.7563	   -0.6818	   -0.6105	   -0.5422	   -0.4768	   -0.4142	   -0.3543	   -0.2968	   -0.2419	   -0.1892	   -0.1388	   -0.0905	   -0.0443	    0.0000	    0.0348	    0.0709	    0.1082	    0.1469	    0.1868	    0.2282	    0.2710	    0.3153	    0.3611	    0.4085	    0.4576	    0.5084	    0.5610	    0.6154	    0.6717	    0.7299	    0.7902	    0.8526	    0.9172	    0.9840	    1.0531	    1.1247	    1.1987	    1.2754	    1.3546	    1.4367	    1.5216	    1.6095	    1.7004	    1.7945	    1.8919	    1.9927	    2.0970	    2.2049	    2.3166	    2.4322	    2.5518	    2.6756	    2.8037	    2.9362	    3.0734	    3.2154	    3.3623	    3.5143	    3.6716	    3.8344	    4.0029	    4.1772	    4.3577	    4.5444	    4.7376	    4.9375	    5.1445	    5.3586	    5.5802	    5.8095	    6.0468	    6.2924	    6.5465	    6.8095	    7.0816	    7.3633	    7.6547	    7.9563	    8.2685	    8.5915	    8.9257	    9.2716	    9.6296	   10.0000

l.p.: 3
a0=2.7		a1=3.6		a2=6.9		a3=7.0		a4=-3.7		a5=4.0		a6=6.3		a7=2.8		a8=5.4		a9=7.1
xi:	   -8.0000	   -7.6475	   -7.3089	   -6.9835	   -6.6708	   -6.3704	   -6.0818	   -5.8045	   -5.5380	   -5.2819	   -5.0359	   -4.7995	   -4.5724	   -4.3542	   -4.1445	   -3.9430	   -3.7495	   -3.5635	   -3.3848	   -3.2130	   -3.0480	   -2.8895	   -2.7372	   -2.5908	   -2.4502	   -2.3151	   -2.1853	   -2.0605	   -1.9407	   -1.8255	   -1.7149	   -1.6085	   -1.5064	   -1.4082	   -1.3139	   -1.2233	   -1.1362	   -1.0526	   -0.9722	   -0.8950	   -0.8207	   -0.7494	   -0.6809	   -0.6151	   -0.5518	   -0.4911	   -0.4327	   -0.3766	   -0.3227	   -0.2709	   -0.2211	   -0.1733	   -0.1273	   -0.0832	   -0.0408	    0.0000	    0.0400	    0.0816	    0.1249	    0.1699	    0.2167	    0.2654	    0.3161	    0.3687	    0.4235	    0.4805	    0.5397	    0.6013	    0.6654	    0.7321	    0.8014	    0.8734	    0.9484	    1.0264	    1.1075	    1.1918	    1.2795	    1.3707	    1.4656	    1.5643	    1.6669	    1.7736	    1.8846	    2.0000	    2.1200	    2.2449	    2.3747	    2.5098	    2.6502	    2.7963	    2.9482	    3.1062	    3.2705	    3.4414	    3.6191	    3.8040	    3.9962	    4.1962	    4.4041	    4.6203	    4.8452	    5.0791	    5.3224	    5.5754	    5.8385	    6.1122	    6.3968	    6.6928	    7.0006	    7.3207	    7.6537	    8.0000

l.p.: 4
a0=4.6		a1=4.0		a2=0.3		a3=-3.2		a4=-8.8		a5=-6.0		a6=-2.4		a7=8.3		a8=4.3		a9=-0.5
xi:	  -11.0000	  -10.6140	  -10.2404	   -9.8788	   -9.5289	   -9.1902	   -8.8624	   -8.5452	   -8.2381	   -7.9409	   -7.6533	   -7.3750	   -7.1056	   -6.8448	   -6.5925	   -6.3483	   -6.1119	   -5.8831	   -5.6617	   -5.4474	   -5.2400	   -5.0393	   -4.8450	   -4.6570	   -4.4750	   -4.2989	   -4.1285	   -3.9635	   -3.8038	   -3.6493	   -3.4998	   -3.3550	   -3.2149	   -3.0793	   -2.9481	   -2.8211	   -2.6982	   -2.5792	   -2.4641	   -2.3527	   -2.2448	   -2.1404	   -2.0394	   -1.9417	   -1.8470	   -1.7554	   -1.6668	   -1.5810	   -1.4980	   -1.4176	   -1.3399	   -1.2646	   -1.1918	   -1.1213	   -1.0530	   -0.9870	   -0.9231	   -0.8612	   -0.8013	   -0.7434	   -0.6873	   -0.6330	   -0.5805	   -0.5297	   -0.4805	   -0.4328	   -0.3867	   -0.3421	   -0.2990	   -0.2572	   -0.2167	   -0.1776	   -0.1397	   -0.1031	   -0.0676	   -0.0332	    0.0000	    0.0372	    0.0758	    0.1159	    0.1574	    0.2005	    0.2452	    0.2915	    0.3396	    0.3895	    0.4412	    0.4949	    0.5505	    0.6082	    0.6681	    0.7302	    0.7946	    0.8614	    0.9307	    1.0026	    1.0771	    1.1544	    1.2346	    1.3178	    1.4041	    1.4936	    1.5864	    1.6827	    1.7826	    1.8861	    1.9936	    2.1050	    2.2206	    2.3405	    2.4648	    2.5938	    2.7276	    2.8664	    3.0103	    3.1596	    3.3144	    3.4750	    3.6416	    3.8144	    3.9936	    4.1795	    4.3723	    4.5723	    4.7797	    4.9948	    5.2180	    5.4495	    5.6895	    5.9386	    6.1969	    6.4648	    6.7426	    7.0309	    7.3298	    7.6399	    7.9615	    8.2951	    8.6411	    9.0000

l.p.: 5
a0=0.5		a1=-8.2		a2=-1.1		a3=6.3		a4=-1.8		a5=-5.4		a6=-0.7		a7=-8.1		a8=-9.6		a9=2.1
xi:	   -8.0000	   -7.6475	   -7.3089	   -6.9835	   -6.6708	   -6.3704	   -6.0818	   -5.8045	   -5.5380	   -5.2819	   -5.0359	   -4.7995	   -4.5724	   -4.3542	   -4.1445	   -3.9430	   -3.7495	   -3.5635	   -3.3848	   -3.2130	   -3.0480	   -2.8895	   -2.7372	   -2.5908	   -2.4502	   -2.3151	   -2.1853	   -2.0605	   -1.9407	   -1.8255	   -1.7149	   -1.6085	   -1.5064	   -1.4082	   -1.3139	   -1.2233	   -1.1362	   -1.0526	   -0.9722	   -0.8950	   -0.8207	   -0.7494	   -0.6809	   -0.6151	   -0.5518	   -0.4911	   -0.4327	   -0.3766	   -0.3227	   -0.2709	   -0.2211	   -0.1733	   -0.1273	   -0.0832	   -0.0408	    0.0000	    0.0474	    0.0971	    0.1491	    0.2036	    0.2607	    0.3205	    0.3831	    0.4487	    0.5174	    0.5893	    0.6647	    0.7436	    0.8263	    0.9129	    1.0036	    1.0987	    1.1982	    1.3024	    1.4116	    1.5260	    1.6458	    1.7712	    1.9026	    2.0403	    2.1845	    2.3355	    2.4936	    2.6593	    2.8328	    3.0146	    3.2050	    3.4044	    3.6132	    3.8320	    4.0611	    4.3011	    4.5525	    4.8158	    5.0916	    5.3805	    5.6831	    6.0000

l.p.: 6
a0=-0.9		a1=-6.3		a2=3.8		a3=4.3		a4=7.1		a5=5.0		a6=-7.8		a7=-6.0		a8=-1.3		a9=6.8
xi:	   -9.0000	   -8.6354	   -8.2841	   -7.9457	   -7.6195	   -7.3053	   -7.0025	   -6.7108	   -6.4296	   -6.1588	   -5.8978	   -5.6463	   -5.4040	   -5.1705	   -4.9456	   -4.7288	   -4.5200	   -4.3187	   -4.1248	   -3.9380	   -3.7579	   -3.5845	   -3.4173	   -3.2563	   -3.1011	   -2.9516	   -2.8075	   -2.6687	   -2.5350	   -2.4061	   -2.2819	   -2.1623	   -2.0470	   -1.9359	   -1.8289	   -1.7257	   -1.6264	   -1.5306	   -1.4384	   -1.3495	   -1.2638	   -1.1813	   -1.1017	   -1.0251	   -0.9513	   -0.8802	   -0.8116	   -0.7456	   -0.6819	   -0.6206	   -0.5615	   -0.5046	   -0.4497	   -0.3969	   -0.3460	   -0.2969	   -0.2496	   -0.2041	   -0.1602	   -0.1179	   -0.0771	   -0.0378	    0.0000	    0.0372	    0.0758	    0.1159	    0.1574	    0.2005	    0.2452	    0.2915	    0.3396	    0.3895	    0.4412	    0.4949	    0.5505	    0.6082	    0.6681	    0.7302	    0.7946	    0.8614	    0.9307	    1.0026	    1.0771	    1.1544	    1.2346	    1.3178	    1.4041	    1.4936	    1.5864	    1.6827	    1.7826	    1.8861	    1.9936	    2.1050	    2.2206	    2.3405	    2.4648	    2.5938	    2.7276	    2.8664	    3.0103	    3.1596	    3.3144	    3.4750	    3.6416	    3.8144	    3.9936	    4.1795	    4.3723	    4.5723	    4.7797	    4.9948	    5.2180	    5.4495	    5.6895	    5.9386	    6.1969	    6.4648	    6.7426	    7.0309	    7.3298	    7.6399	    7.9615	    8.2951	    8.6411	    9.0000

l.p.: 7
a0=-9.3		a1=1.2		a2=-2.4		a3=7.1		a4=4.8		a5=4.4		a6=-8.0		a7=3.4		a8=9.5		a9=-8.8
xi:	   -9.0000	   -8.6354	   -8.2841	   -7.9457	   -7.6195	   -7.3053	   -7.0025	   -6.7108	   -6.4296	   -6.1588	   -5.8978	   -5.6463	   -5.4040	   -5.1705	   -4.9456	   -4.7288	   -4.5200	   -4.3187	   -4.1248	   -3.9380	   -3.7579	   -3.5845	   -3.4173	   -3.2563	   -3.1011	   -2.9516	   -2.8075	   -2.6687	   -2.5350	   -2.4061	   -2.2819	   -2.1623	   -2.0470	   -1.9359	   -1.8289	   -1.7257	   -1.6264	   -1.5306	   -1.4384	   -1.3495	   -1.2638	   -1.1813	   -1.1017	   -1.0251	   -0.9513	   -0.8802	   -0.8116	   -0.7456	   -0.6819	   -0.6206	   -0.5615	   -0.5046	   -0.4497	   -0.3969	   -0.3460	   -0.2969	   -0.2496	   -0.2041	   -0.1602	   -0.1179	   -0.0771	   -0.0378	    0.0000	    0.0348	    0.0709	    0.1082	    0.1469	    0.1868	    0.2282	    0.2710	    0.3153	    0.3611	    0.4085	    0.4576	    0.5084	    0.5610	    0.6154	    0.6717	    0.7299	    0.7902	    0.8526	    0.9172	    0.9840	    1.0531	    1.1247	    1.1987	    1.2754	    1.3546	    1.4367	    1.5216	    1.6095	    1.7004	    1.7945	    1.8919	    1.9927	    2.0970	    2.2049	    2.3166	    2.4322	    2.5518	    2.6756	    2.8037	    2.9362	    3.0734	    3.2154	    3.3623	    3.5143	    3.6716	    3.8344	    4.0029	    4.1772	    4.3577	    4.5444	    4.7376	    4.9375	    5.1445	    5.3586	    5.5802	    5.8095	    6.0468	    6.2924	    6.5465	    6.8095	    7.0816	    7.3633	    7.6547	    7.9563	    8.2685	    8.5915	    8.9257	    9.2716	    9.6296	   10.0000

l.p.: 8
a0=-8.0		a1=6.5		a2=-9.1		a3=-4.2		a4=-7.3		a5=5.7		a6=6.0		a7=9.9		a8=-5.0		a9=-2.5
xi:	   -8.0000	   -7.6475	   -7.3089	   -6.9835	   -6.6708	   -6.3704	   -6.0818	   -5.8045	   -5.5380	   -5.2819	   -5.0359	   -4.7995	   -4.5724	   -4.3542	   -4.1445	   -3.9430	   -3.7495	   -3.5635	   -3.3848	   -3.2130	   -3.0480	   -2.8895	   -2.7372	   -2.5908	   -2.4502	   -2.3151	   -2.1853	   -2.0605	   -1.9407	   -1.8255	   -1.7149	   -1.6085	   -1.5064	   -1.4082	   -1.3139	   -1.2233	   -1.1362	   -1.0526	   -0.9722	   -0.8950	   -0.8207	   -0.7494	   -0.6809	   -0.6151	   -0.5518	   -0.4911	   -0.4327	   -0.3766	   -0.3227	   -0.2709	   -0.2211	   -0.1733	   -0.1273	   -0.0832	   -0.0408	    0.0000	    0.0372	    0.0758	    0.1159	    0.1574	    0.2005	    0.2452	    0.2915	    0.3396	    0.3895	    0.4412	    0.4949	    0.5505	    0.6082	    0.6681	    0.7302	    0.7946	    0.8614	    0.9307	    1.0026	    1.0771	    1.1544	    1.2346	    1.3178	    1.4041	    1.4936	    1.5864	    1.6827	    1.7826	    1.8861	    1.9936	    2.1050	    2.2206	    2.3405	    2.4648	    2.5938	    2.7276	    2.8664	    3.0103	    3.1596	    3.3144	    3.4750	    3.6416	    3.8144	    3.9936	    4.1795	    4.3723	    4.5723	    4.7797	    4.9948	    5.2180	    5.4495	    5.6895	    5.9386	    6.1969	    6.4648	    6.7426	    7.0309	    7.3298	    7.6399	    7.9615	    8.2951	    8.6411	    9.0000

l.p.: 9
a0=-3.2		a1=0.7		a2=-8.9		a3=1.4		a4=-6.1		a5=-7.1		a6=6.4		a7=-4.8		a8=-7.7		a9=-3.9
xi:	  -10.0000	   -9.6243	   -9.2614	   -8.9109	   -8.5724	   -8.2455	   -7.9297	   -7.6247	   -7.3301	   -7.0456	   -6.7708	   -6.5054	   -6.2490	   -6.0015	   -5.7623	   -5.5314	   -5.3083	   -5.0928	   -4.8847	   -4.6837	   -4.4896	   -4.3021	   -4.1210	   -3.9461	   -3.7772	   -3.6140	   -3.4564	   -3.3042	   -3.1572	   -3.0152	   -2.8780	   -2.7456	   -2.6177	   -2.4941	   -2.3748	   -2.2595	   -2.1482	   -2.0406	   -1.9368	   -1.8365	   -1.7396	   -1.6460	   -1.5557	   -1.4684	   -1.3841	   -1.3026	   -1.2240	   -1.1480	   -1.0747	   -1.0038	   -0.9354	   -0.8693	   -0.8054	   -0.7437	   -0.6842	   -0.6267	   -0.5711	   -0.5174	   -0.4656	   -0.4156	   -0.3672	   -0.3205	   -0.2754	   -0.2318	   -0.1898	   -0.1491	   -0.1099	   -0.0720	   -0.0354	    0.0000	    0.0400	    0.0816	    0.1249	    0.1699	    0.2167	    0.2654	    0.3161	    0.3687	    0.4235	    0.4805	    0.5397	    0.6013	    0.6654	    0.7321	    0.8014	    0.8734	    0.9484	    1.0264	    1.1075	    1.1918	    1.2795	    1.3707	    1.4656	    1.5643	    1.6669	    1.7736	    1.8846	    2.0000	    2.1200	    2.2449	    2.3747	    2.5098	    2.6502	    2.7963	    2.9482	    3.1062	    3.2705	    3.4414	    3.6191	    3.8040	    3.9962	    4.1962	    4.4041	    4.6203	    4.8452	    5.0791	    5.3224	    5.5754	    5.8385	    6.1122	    6.3968	    6.6928	    7.0006	    7.3207	    7.6537	    8.0000

l.p.: 10
a0=0.7		a1=-1.4		a2=5.9		a3=-2.5		a4=7.7		a5=-9.7		a6=6.4		a7=7.2		a8=2.4		a9=-7.8
xi:	  -11.0000	  -10.6140	  -10.2404	   -9.8788	   -9.5289	   -9.1902	   -8.8624	   -8.5452	   -8.2381	   -7.9409	   -7.6533	   -7.3750	   -7.1056	   -6.8448	   -6.5925	   -6.3483	   -6.1119	   -5.8831	   -5.6617	   -5.4474	   -5.2400	   -5.0393	   -4.8450	   -4.6570	   -4.4750	   -4.2989	   -4.1285	   -3.9635	   -3.8038	   -3.6493	   -3.4998	   -3.3550	   -3.2149	   -3.0793	   -2.9481	   -2.8211	   -2.6982	   -2.5792	   -2.4641	   -2.3527	   -2.2448	   -2.1404	   -2.0394	   -1.9417	   -1.8470	   -1.7554	   -1.6668	   -1.5810	   -1.4980	   -1.4176	   -1.3399	   -1.2646	   -1.1918	   -1.1213	   -1.0530	   -0.9870	   -0.9231	   -0.8612	   -0.8013	   -0.7434	   -0.6873	   -0.6330	   -0.5805	   -0.5297	   -0.4805	   -0.4328	   -0.3867	   -0.3421	   -0.2990	   -0.2572	   -0.2167	   -0.1776	   -0.1397	   -0.1031	   -0.0676	   -0.0332	    0.0000	    0.0348	    0.0709	    0.1082	    0.1469	    0.1868	    0.2282	    0.2710	    0.3153	    0.3611	    0.4085	    0.4576	    0.5084	    0.5610	    0.6154	    0.6717	    0.7299	    0.7902	    0.8526	    0.9172	    0.9840	    1.0531	    1.1247	    1.1987	    1.2754	    1.3546	    1.4367	    1.5216	    1.6095	    1.7004	    1.7945	    1.8919	    1.9927	    2.0970	    2.2049	    2.3166	    2.4322	    2.5518	    2.6756	    2.8037	    2.9362	    3.0734	    3.2154	    3.3623	    3.5143	    3.6716	    3.8344	    4.0029	    4.1772	    4.3577	    4.5444	    4.7376	    4.9375	    5.1445	    5.3586	    5.5802	    5.8095	    6.0468	    6.2924	    6.5465	    6.8095	    7.0816	    7.3633	    7.6547	    7.9563	    8.2685	    8.5915	    8.9257	    9.2716	    9.6296	   10.0000

l.p.: 11
a0=-5.2		a1=4.4		a2=9.1		a3=5.9		a4=7.3		a5=1.1		a6=-7.2		a7=1.7		a8=-5.9		a9=-8.0
xi:	   -8.0000	   -7.6475	   -7.3089	   -6.9835	   -6.6708	   -6.3704	   -6.0818	   -5.8045	   -5.5380	   -5.2819	   -5.0359	   -4.7995	   -4.5724	   -4.3542	   -4.1445	   -3.9430	   -3.7495	   -3.5635	   -3.3848	   -3.2130	   -3.0480	   -2.8895	   -2.7372	   -2.5908	   -2.4502	   -2.3151	   -2.1853	   -2.0605	   -1.9407	   -1.8255	   -1.7149	   -1.6085	   -1.5064	   -1.4082	   -1.3139	   -1.2233	   -1.1362	   -1.0526	   -0.9722	   -0.8950	   -0.8207	   -0.7494	   -0.6809	   -0.6151	   -0.5518	   -0.4911	   -0.4327	   -0.3766	   -0.3227	   -0.2709	   -0.2211	   -0.1733	   -0.1273	   -0.0832	   -0.0408	    0.0000	    0.0474	    0.0971	    0.1491	    0.2036	    0.2607	    0.3205	    0.3831	    0.4487	    0.5174	    0.5893	    0.6647	    0.7436	    0.8263	    0.9129	    1.0036	    1.0987	    1.1982	    1.3024	    1.4116	    1.5260	    1.6458	    1.7712	    1.9026	    2.0403	    2.1845	    2.3355	    2.4936	    2.6593	    2.8328	    3.0146	    3.2050	    3.4044	    3.6132	    3.8320	    4.0611	    4.3011	    4.5525	    4.8158	    5.0916	    5.3805	    5.6831	    6.0000

l.p.: 12
a0=4.0		a1=4.9		a2=-1.8		a3=-9.6		a4=-6.0		a5=0.4		a6=6.5		a7=-5.8		a8=-3.7		a9=-4.6
xi:	  -10.0000	   -9.6243	   -9.2614	   -8.9109	   -8.5724	   -8.2455	   -7.9297	   -7.6247	   -7.3301	   -7.0456	   -6.7708	   -6.5054	   -6.2490	   -6.0015	   -5.7623	   -5.5314	   -5.3083	   -5.0928	   -4.8847	   -4.6837	   -4.4896	   -4.3021	   -4.1210	   -3.9461	   -3.7772	   -3.6140	   -3.4564	   -3.3042	   -3.1572	   -3.0152	   -2.8780	   -2.7456	   -2.6177	   -2.4941	   -2.3748	   -2.2595	   -2.1482	   -2.0406	   -1.9368	   -1.8365	   -1.7396	   -1.6460	   -1.5557	   -1.4684	   -1.3841	   -1.3026	   -1.2240	   -1.1480	   -1.0747	   -1.0038	   -0.9354	   -0.8693	   -0.8054	   -0.7437	   -0.6842	   -0.6267	   -0.5711	   -0.5174	   -0.4656	   -0.4156	   -0.3672	   -0.3205	   -0.2754	   -0.2318	   -0.1898	   -0.1491	   -0.1099	   -0.0720	   -0.0354	    0.0000	    0.0348	    0.0709	    0.1082	    0.1469	    0.1868	    0.2282	    0.2710	    0.3153	    0.3611	    0.4085	    0.4576	    0.5084	    0.5610	    0.6154	    0.6717	    0.7299	    0.7902	    0.8526	    0.9172	    0.9840	    1.0531	    1.1247	    1.1987	    1.2754	    1.3546	    1.4367	    1.5216	    1.6095	    1.7004	    1.7945	    1.8919	    1.9927	    2.0970	    2.2049	    2.3166	    2.4322	    2.5518	    2.6756	    2.8037	    2.9362	    3.0734	    3.2154	    3.3623	    3.5143	    3.6716	    3.8344	    4.0029	    4.1772	    4.3577	    4.5444	    4.7376	    4.9375	    5.1445	    5.3586	    5.5802	    5.8095	    6.0468	    6.2924	    6.5465	    6.8095	    7.0816	    7.3633	    7.6547	    7.9563	    8.2685	    8.5915	    8.9257	    9.2716	    9.6296	   10.0000

l.p.: 13
a0=2.2		a1=5.7		a2=3.2		a3=7.4		a4=4.0		a5=1.9		a6=-8.2		a7=9.9		a8=6.2		a9=-0.4
xi:	  -10.0000	   -9.6243	   -9.2614	   -8.9109	   -8.5724	   -8.2455	   -7.9297	   -7.6247	   -7.3301	   -7.0456	   -6.7708	   -6.5054	   -6.2490	   -6.0015	   -5.7623	   -5.5314	   -5.3083	   -5.0928	   -4.8847	   -4.6837	   -4.4896	   -4.3021	   -4.1210	   -3.9461	   -3.7772	   -3.6140	   -3.4564	   -3.3042	   -3.1572	   -3.0152	   -2.8780	   -2.7456	   -2.6177	   -2.4941	   -2.3748	   -2.2595	   -2.1482	   -2.0406	   -1.9368	   -1.8365	   -1.7396	   -1.6460	   -1.5557	   -1.4684	   -1.3841	   -1.3026	   -1.2240	   -1.1480	   -1.0747	   -1.0038	   -0.9354	   -0.8693	   -0.8054	   -0.7437	   -0.6842	   -0.6267	   -0.5711	   -0.5174	   -0.4656	   -0.4156	   -0.3672	   -0.3205	   -0.2754	   -0.2318	   -0.1898	   -0.1491	   -0.1099	   -0.0720	   -0.0354	    0.0000	    0.0474	    0.0971	    0.1491	    0.2036	    0.2607	    0.3205	    0.3831	    0.4487	    0.5174	    0.5893	    0.6647	    0.7436	    0.8263	    0.9129	    1.0036	    1.0987	    1.1982	    1.3024	    1.4116	    1.5260	    1.6458	    1.7712	    1.9026	    2.0403	    2.1845	    2.3355	    2.4936	    2.6593	    2.8328	    3.0146	    3.2050	    3.4044	    3.6132	    3.8320	    4.0611	    4.3011	    4.5525	    4.8158	    5.0916	    5.3805	    5.6831	    6.0000

l.p.: 14
a0=2.2		a1=8.1		a2=-7.7		a3=2.1		a4=-8.5		a5=7.4		a6=-9.6		a7=4.4		a8=4.3		a9=1.5
xi:	  -11.0000	  -10.6140	  -10.2404	   -9.8788	   -9.5289	   -9.1902	   -8.8624	   -8.5452	   -8.2381	   -7.9409	   -7.6533	   -7.3750	   -7.1056	   -6.8448	   -6.5925	   -6.3483	   -6.1119	   -5.8831	   -5.6617	   -5.4474	   -5.2400	   -5.0393	   -4.8450	   -4.6570	   -4.4750	   -4.2989	   -4.1285	   -3.9635	   -3.8038	   -3.6493	   -3.4998	   -3.3550	   -3.2149	   -3.0793	   -2.9481	   -2.8211	   -2.6982	   -2.5792	   -2.4641	   -2.3527	   -2.2448	   -2.1404	   -2.0394	   -1.9417	   -1.8470	   -1.7554	   -1.6668	   -1.5810	   -1.4980	   -1.4176	   -1.3399	   -1.2646	   -1.1918	   -1.1213	   -1.0530	   -0.9870	   -0.9231	   -0.8612	   -0.8013	   -0.7434	   -0.6873	   -0.6330	   -0.5805	   -0.5297	   -0.4805	   -0.4328	   -0.3867	   -0.3421	   -0.2990	   -0.2572	   -0.2167	   -0.1776	   -0.1397	   -0.1031	   -0.0676	   -0.0332	    0.0000	    0.0372	    0.0758	    0.1159	    0.1574	    0.2005	    0.2452	    0.2915	    0.3396	    0.3895	    0.4412	    0.4949	    0.5505	    0.6082	    0.6681	    0.7302	    0.7946	    0.8614	    0.9307	    1.0026	    1.0771	    1.1544	    1.2346	    1.3178	    1.4041	    1.4936	    1.5864	    1.6827	    1.7826	    1.8861	    1.9936	    2.1050	    2.2206	    2.3405	    2.4648	    2.5938	    2.7276	    2.8664	    3.0103	    3.1596	    3.3144	    3.4750	    3.6416	    3.8144	    3.9936	    4.1795	    4.3723	    4.5723	    4.7797	    4.9948	    5.2180	    5.4495	    5.6895	    5.9386	    6.1969	    6.4648	    6.7426	    7.0309	    7.3298	    7.6399	    7.9615	    8.2951	    8.6411	    9.0000

l.p.: 15
a0=-8.3		a1=0.0		a2=-7.1		a3=5.3		a4=7.4		a5=-2.2		a6=-9.7		a7=-0.3		a8=6.6		a9=4.3
xi:	  -11.0000	  -10.6140	  -10.2404	   -9.8788	   -9.5289	   -9.1902	   -8.8624	   -8.5452	   -8.2381	   -7.9409	   -7.6533	   -7.3750	   -7.1056	   -6.8448	   -6.5925	   -6.3483	   -6.1119	   -5.8831	   -5.6617	   -5.4474	   -5.2400	   -5.0393	   -4.8450	   -4.6570	   -4.4750	   -4.2989	   -4.1285	   -3.9635	   -3.8038	   -3.6493	   -3.4998	   -3.3550	   -3.2149	   -3.0793	   -2.9481	   -2.8211	   -2.6982	   -2.5792	   -2.4641	   -2.3527	   -2.2448	   -2.1404	   -2.0394	   -1.9417	   -1.8470	   -1.7554	   -1.6668	   -1.5810	   -1.4980	   -1.4176	   -1.3399	   -1.2646	   -1.1918	   -1.1213	   -1.0530	   -0.9870	   -0.9231	   -0.8612	   -0.8013	   -0.7434	   -0.6873	   -0.6330	   -0.5805	   -0.5297	   -0.4805	   -0.4328	   -0.3867	   -0.3421	   -0.2990	   -0.2572	   -0.2167	   -0.1776	   -0.1397	   -0.1031	   -0.0676	   -0.0332	    0.0000	    0.0372	    0.0758	    0.1159	    0.1574	    0.2005	    0.2452	    0.2915	    0.3396	    0.3895	    0.4412	    0.4949	    0.5505	    0.6082	    0.6681	    0.7302	    0.7946	    0.8614	    0.9307	    1.0026	    1.0771	    1.1544	    1.2346	    1.3178	    1.4041	    1.4936	    1.5864	    1.6827	    1.7826	    1.8861	    1.9936	    2.1050	    2.2206	    2.3405	    2.4648	    2.5938	    2.7276	    2.8664	    3.0103	    3.1596	    3.3144	    3.4750	    3.6416	    3.8144	    3.9936	    4.1795	    4.3723	    4.5723	    4.7797	    4.9948	    5.2180	    5.4495	    5.6895	    5.9386	    6.1969	    6.4648	    6.7426	    7.0309	    7.3298	    7.6399	    7.9615	    8.2951	    8.6411	    9.0000

l.p.: 16
a0=-5.9		a1=7.8		a2=6.8		a3=9.9		a4=-2.7		a5=-1.4		a6=-5.4		a7=-1.0		a8=-3.5		a9=-2.3
xi:	  -10.0000	   -9.6243	   -9.2614	   -8.9109	   -8.5724	   -8.2455	   -7.9297	   -7.6247	   -7.3301	   -7.0456	   -6.7708	   -6.5054	   -6.2490	   -6.0015	   -5.7623	   -5.5314	   -5.3083	   -5.0928	   -4.8847	   -4.6837	   -4.4896	   -4.3021	   -4.1210	   -3.9461	   -3.7772	   -3.6140	   -3.4564	   -3.3042	   -3.1572	   -3.0152	   -2.8780	   -2.7456	   -2.6177	   -2.4941	   -2.3748	   -2.2595	   -2.1482	   -2.0406	   -1.9368	   -1.8365	   -1.7396	   -1.6460	   -1.5557	   -1.4684	   -1.3841	   -1.3026	   -1.2240	   -1.1480	   -1.0747	   -1.0038	   -0.9354	   -0.8693	   -0.8054	   -0.7437	   -0.6842	   -0.6267	   -0.5711	   -0.5174	   -0.4656	   -0.4156	   -0.3672	   -0.3205	   -0.2754	   -0.2318	   -0.1898	   -0.1491	   -0.1099	   -0.0720	   -0.0354	    0.0000	    0.0372	    0.0758	    0.1159	    0.1574	    0.2005	    0.2452	    0.2915	    0.3396	    0.3895	    0.4412	    0.4949	    0.5505	    0.6082	    0.6681	    0.7302	    0.7946	    0.8614	    0.9307	    1.0026	    1.0771	    1.1544	    1.2346	    1.3178	    1.4041	    1.4936	    1.5864	    1.6827	    1.7826	    1.8861	    1.9936	    2.1050	    2.2206	    2.3405	    2.4648	    2.5938	    2.7276	    2.8664	    3.0103	    3.1596	    3.3144	    3.4750	    3.6416	    3.8144	    3.9936	    4.1795	    4.3723	    4.5723	    4.7797	    4.9948	    5.2180	    5.4495	    5.6895	    5.9386	    6.1969	    6.4648	    6.7426	    7.0309	    7.3298	    7.6399	    7.9615	    8.2951	    8.6411	    9.0000

l.p.: 17
a0=-8.8		a1=9.0		a2=-1.8		a3=5.7		a4=-1.0		a5=1.8		a6=7.5		a7=4.6		a8=-0.5		a9=-7.8
xi:	   -9.0000	   -8.6354	   -8.2841	   -7.9457	   -7.6195	   -7.3053	   -7.0025	   -6.7108	   -6.4296	   -6.1588	   -5.8978	   -5.6463	   -5.4040	   -5.1705	   -4.9456	   -4.7288	   -4.5200	   -4.3187	   -4.1248	   -3.9380	   -3.7579	   -3.5845	   -3.4173	   -3.2563	   -3.1011	   -2.9516	   -2.8075	   -2.6687	   -2.5350	   -2.4061	   -2.2819	   -2.1623	   -2.0470	   -1.9359	   -1.8289	   -1.7257	   -1.6264	   -1.5306	   -1.4384	   -1.3495	   -1.2638	   -1.1813	   -1.1017	   -1.0251	   -0.9513	   -0.8802	   -0.8116	   -0.7456	   -0.6819	   -0.6206	   -0.5615	   -0.5046	   -0.4497	   -0.3969	   -0.3460	   -0.2969	   -0.2496	   -0.2041	   -0.1602	   -0.1179	   -0.0771	   -0.0378	    0.0000	    0.0474	    0.0971	    0.1491	    0.2036	    0.2607	    0.3205	    0.3831	    0.4487	    0.5174	    0.5893	    0.6647	    0.7436	    0.8263	    0.9129	    1.0036	    1.0987	    1.1982	    1.3024	    1.4116	    1.5260	    1.6458	    1.7712	    1.9026	    2.0403	    2.1845	    2.3355	    2.4936	    2.6593	    2.8328	    3.0146	    3.2050	    3.4044	    3.6132	    3.8320	    4.0611	    4.3011	    4.5525	    4.8158	    5.0916	    5.3805	    5.6831	    6.0000

l.p.: 18
a0=-2.0		a1=-6.1		a2=-3.6		a3=5.7		a4=-10.0		a5=3.1		a6=5.1		a7=1.0		a8=-0.7		a9=-3.3
xi:	  -10.0000	   -9.6243	   -9.2614	   -8.9109	   -8.5724	   -8.2455	   -7.9297	   -7.6247	   -7.3301	   -7.0456	   -6.7708	   -6.5054	   -6.2490	   -6.0015	   -5.7623	   -5.5314	   -5.3083	   -5.0928	   -4.8847	   -4.6837	   -4.4896	   -4.3021	   -4.1210	   -3.9461	   -3.7772	   -3.6140	   -3.4564	   -3.3042	   -3.1572	   -3.0152	   -2.8780	   -2.7456	   -2.6177	   -2.4941	   -2.3748	   -2.2595	   -2.1482	   -2.0406	   -1.9368	   -1.8365	   -1.7396	   -1.6460	   -1.5557	   -1.4684	   -1.3841	   -1.3026	   -1.2240	   -1.1480	   -1.0747	   -1.0038	   -0.9354	   -0.8693	   -0.8054	   -0.7437	   -0.6842	   -0.6267	   -0.5711	   -0.5174	   -0.4656	   -0.4156	   -0.3672	   -0.3205	   -0.2754	   -0.2318	   -0.1898	   -0.1491	   -0.1099	   -0.0720	   -0.0354	    0.0000	    0.0372	    0.0758	    0.1159	    0.1574	    0.2005	    0.2452	    0.2915	    0.3396	    0.3895	    0.4412	    0.4949	    0.5505	    0.6082	    0.6681	    0.7302	    0.7946	    0.8614	    0.9307	    1.0026	    1.0771	    1.1544	    1.2346	    1.3178	    1.4041	    1.4936	    1.5864	    1.6827	    1.7826	    1.8861	    1.9936	    2.1050	    2.2206	    2.3405	    2.4648	    2.5938	    2.7276	    2.8664	    3.0103	    3.1596	    3.3144	    3.4750	    3.6416	    3.8144	    3.9936	    4.1795	    4.3723	    4.5723	    4.7797	    4.9948	    5.2180	    5.4495	    5.6895	    5.9386	    6.1969	    6.4648	    6.7426	    7.0309	    7.3298	    7.6399	    7.9615	    8.2951	    8.6411	    9.0000

l.p.: 19
a0=-7.7		a1=7.4		a2=-2.4		a3=-0.7		a4=0.1		a5=-9.4		a6=7.8		a7=0.4		a8=-6.2		a9=-2.7
xi:	   -9.0000	   -8.6354	   -8.2841	   -7.9457	   -7.6195	   -7.3053	   -7.0025	   -6.7108	   -6.4296	   -6.1588	   -5.8978	   -5.6463	   -5.4040	   -5.1705	   -4.9456	   -4.7288	   -4.5200	   -4.3187	   -4.1248	   -3.9380	   -3.7579	   -3.5845	   -3.4173	   -3.2563	   -3.1011	   -2.9516	   -2.8075	   -2.6687	   -2.5350	   -2.4061	   -2.2819	   -2.1623	   -2.0470	   -1.9359	   -1.8289	   -1.7257	   -1.6264	   -1.5306	   -1.4384	   -1.3495	   -1.2638	   -1.1813	   -1.1017	   -1.0251	   -0.9513	   -0.8802	   -0.8116	   -0.7456	   -0.6819	   -0.6206	   -0.5615	   -0.5046	   -0.4497	   -0.3969	   -0.3460	   -0.2969	   -0.2496	   -0.2041	   -0.1602	   -0.1179	   -0.0771	   -0.0378	    0.0000	    0.0400	    0.0816	    0.1249	    0.1699	    0.2167	    0.2654	    0.3161	    0.3687	    0.4235	    0.4805	    0.5397	    0.6013	    0.6654	    0.7321	    0.8014	    0.8734	    0.9484	    1.0264	    1.1075	    1.1918	    1.2795	    1.3707	    1.4656	    1.5643	    1.6669	    1.7736	    1.8846	    2.0000	    2.1200	    2.2449	    2.3747	    2.5098	    2.6502	    2.7963	    2.9482	    3.1062	    3.2705	    3.4414	    3.6191	    3.8040	    3.9962	    4.1962	    4.4041	    4.6203	    4.8452	    5.0791	    5.3224	    5.5754	    5.8385	    6.1122	    6.3968	    6.6928	    7.0006	    7.3207	    7.6537	    8.0000

l.p.: 20
a0=7.7		a1=5.1		a2=-2.9		a3=4.2		a4=-4.8		a5=1.5		a6=-10.0		a7=8.5		a8=-5.5		a9=4.0
xi:	   -7.0000	   -6.6608	   -6.3360	   -6.0250	   -5.7272	   -5.4420	   -5.1688	   -4.9073	   -4.6569	   -4.4170	   -4.1874	   -3.9674	   -3.7568	   -3.5552	   -3.3620	   -3.1771	   -3.0000	   -2.8304	   -2.6680	   -2.5125	   -2.3636	   -2.2210	   -2.0844	   -1.9537	   -1.8284	   -1.7085	   -1.5937	   -1.4837	   -1.3784	   -1.2776	   -1.1810	   -1.0885	   -1.0000	   -0.9152	   -0.8340	   -0.7563	   -0.6818	   -0.6105	   -0.5422	   -0.4768	   -0.4142	   -0.3543	   -0.2968	   -0.2419	   -0.1892	   -0.1388	   -0.0905	   -0.0443	    0.0000	    0.0434	    0.0886	    0.1358	    0.1850	    0.2364	    0.2900	    0.3459	    0.4042	    0.4651	    0.5286	    0.5949	    0.6640	    0.7362	    0.8114	    0.8900	    0.9719	    1.0574	    1.1466	    1.2396	    1.3367	    1.4380	    1.5437	    1.6540	    1.7690	    1.8891	    2.0143	    2.1450	    2.2813	    2.4236	    2.5720	    2.7269	    2.8884	    3.0570	    3.2329	    3.4164	    3.6078	    3.8076	    4.0160	    4.2334	    4.4603	    4.6970	    4.9440	    5.2017	    5.4705	    5.7510	    6.0437	    6.3490	    6.6676	    7.0000
