l.p.: 1
N = 7
b:
  -52	  -75	  -94	  -49	   45	   82	   89
A:
	  -55	   32	  -12	  -89	   73	   48	   54
	   14	  -52	  -60	  -50	  -65	   91	   54
	   -9	    4	   84	   26	   92	   51	   71
	   11	  -26	  -63	  -62	   16	   67	  -69
	  -95	   42	  -32	  -16	  -16	  -39	   96
	   76	   84	  -66	   41	  -41	  -46	  -21
	  -43	  -75	   -3	  -69	   33	  -49	   87

l.p.: 2
N = 7
b:
  -51	   50	  -89	   -3	  -63	   63	   51
A:
	   11	   -4	   14	  -38	   28	   -6	  -85
	   75	  -21	  -58	   17	  -31	  -12	  -19
	  -16	  -34	    9	   24	   60	  -39	   95
	   27	  -85	  -64	  -48	   -7	  -26	   -1
	   19	   91	  -22	   10	  -68	    8	   79
	  -89	  -19	   63	  -76	   13	  -38	  -93
	   40	   49	   48	   25	  -26	  -66	   80

l.p.: 3
N = 7
b:
   20	   59	  -49	   75	  -34	  -54	   75
A:
	  -84	  -63	  -16	  -35	  -73	  -27	   85
	   78	  -42	   93	   39	   50	  -14	  -73
	   10	   33	  -78	   64	  -52	   26	   -3
	   68	  -74	  -24	  -12	   41	  -82	  -79
	    6	  -22	   32	    9	  -29	  -76	  -73
	   82	  -28	  -55	  -50	  -98	   17	   46
	   72	    4	    3	  -34	  -58	   40	   28

l.p.: 4
N = 7
b:
  -29	  -77	  -69	  -57	  -94	  -85	   15
A:
	   -8	    6	   91	   13	  -59	   -3	   86
	   83	   59	   37	  -11	  -38	   10	  -78
	  -42	   68	  -16	   20	   48	   70	  -21
	  -80	   73	  -87	  -71	   93	  -13	  -87
	   49	  -81	   51	  -73	  -11	  -97	   35
	   39	   46	   -4	  -72	  -31	  -47	  -10
	   38	  -27	  -69	   -6	  -42	   65	    8

l.p.: 5
N = 7
b:
   66	  -79	  -71	  -44	   12	  -76	  -82
A:
	   38	  -23	  -62	  -40	    4	    1	   47
	   84	  -62	  -69	  -62	  -54	  -85	  -89
	  -28	   54	   58	   27	   56	  -41	  -32
	  -59	   46	   81	  -77	   44	  -44	  -64
	  -17	  -32	  -87	  -70	  -81	  -23	   44
	  -50	  -29	  -86	   31	   -1	  -77	   65
	    2	  -42	  -31	  -18	   50	   89	   18

l.p.: 6
N = 7
b:
  -61	  -85	  -44	   83	    3	   29	   50
A:
	  -47	  -99	   90	   23	   36	  -99	   19
	  -26	  -90	   -5	  -67	   71	   48	    6
	  -71	   29	   -6	  -44	  -15	   36	  -62
	  -54	  -16	  -88	   22	   31	   88	  -50
	  -45	   14	   72	   32	   85	   74	   27
	  -85	   -3	   14	   53	   31	  -62	  -11
	  -68	   -3	  -19	  -34	   24	  -36	  -55

l.p.: 7
N = 7
b:
  -95	   53	   67	  -61	  -43	    2	   48
A:
	  -59	  -73	    5	   76	   93	   62	    4
	   64	   78	  -81	   79	   26	   58	  -34
	   61	  -68	   92	  -60	   82	  -52	   56
	  -54	   -9	  -31	   74	  -22	  -75	   59
	   81	   27	   85	   14	   95	  -64	  -95
	   30	  -25	    8	  -95	  -16	   -1	   35
	   18	   42	   44	   64	  -10	   58	   74

l.p.: 8
N = 7
b:
   42	  -84	   50	  -60	   81	   26	  -79
A:
	  -51	   67	  -46	    5	  -32	    0	   76
	   23	  -73	   -1	  -59	   38	   52	   21
	  -98	   97	  -12	   37	   88	   -8	  -79
	    9	  -37	  -88	  -52	   -1	   71	  -55
	  -80	  -74	  -23	  -55	  -40	   44	  -99
	  -84	   34	   13	  -94	  -29	   29	  -58
	  -63	  -71	   86	   78	  -67	  -80	    3

l.p.: 9
N = 7
b:
  -73	  -33	   22	    1	   93	  -37	  -92
A:
	  -64	   21	   36	  -68	  -53	   20	  -19
	  -13	  -48	  -62	   22	   12	  -83	   79
	  -72	    5	  -91	  -60	   78	    1	    4
	  -15	   22	  -89	  -49	  -92	  -19	  -36
	   19	   95	   63	   61	  -93	  -78	   35
	   90	   18	   -9	   81	   76	   49	   -4
	  -90	  -45	    5	   -2	  -99	   64	   72

l.p.: 10
N = 7
b:
  -90	  -27	   53	  -50	   68	  -45	   30
A:
	  -96	   -3	   17	   36	  -86	   66	   48
	  -10	   54	    8	  -13	  -54	   85	   94
	   78	   94	   27	  -17	  -86	   79	   82
	    3	   23	   25	  -11	   59	   -4	  -92
	  -38	    5	    8	  -73	   88	   91	  -96
	   14	  -37	   39	  -13	   -9	   -1	   10
	   81	  -83	  -24	  -69	   45	  -94	   52

l.p.: 11
N = 7
b:
   66	  -71	  -96	   25	  -35	    0	   78
A:
	  -82	   52	  -13	  -89	   88	    5	   90
	   88	  -34	   36	  -52	  -78	  -83	  -54
	  -49	    9	   19	   92	  -43	   47	  -65
	  -72	  -45	  -54	  -40	   16	   74	    0
	  -63	  -96	   50	  -13	   17	   14	  -23
	   71	   90	  -20	   59	   28	   89	   47
	   -9	   70	  -42	   19	   56	  -56	  -59

l.p.: 12
N = 7
b:
   65	   95	   73	   79	   -4	   62	   10
A:
	   38	   29	  -84	  -14	   66	  -96	    5
	   71	   50	  -33	   72	  -92	  -16	   16
	  -57	   97	   25	   -3	  -82	   97	   91
	   62	    4	  -72	  -83	   -3	   24	  -60
	  -61	  -31	    6	   11	  -23	   48	  -51
	   -5	  -75	  -76	  -58	  -87	  -40	   37
	   69	  -76	   19	   34	  -12	   13	   48

l.p.: 13
N = 7
b:
   63	  -80	  -95	    2	  -37	   26	   10
A:
	    8	  -85	   88	   73	   37	   20	   10
	   -4	  -31	   60	  -63	  -85	   15	   72
	   69	   52	   66	   82	  -37	   40	   78
	   80	   35	  -72	   98	  -73	   62	   65
	  -17	  -86	   73	  -21	  -60	    9	   11
	  -51	   57	   72	  -12	   75	  -24	  -31
	   20	    6	   31	  -91	   -5	   -8	   24

l.p.: 14
N = 7
b:
   53	    6	  -43	  -83	  -60	   15	   19
A:
	   27	   36	  -73	   52	   50	   52	   74
	   14	   62	   -3	   79	   36	  -51	   73
	    4	   28	   47	   47	   -9	    5	    6
	   86	  -30	    3	   57	   18	   41	   12
	   56	   16	   -3	  -44	   93	   38	   10
	   16	  -81	  -86	  -35	  -88	   69	   26
	  -21	   34	   72	   14	  -80	  -46	  -61

l.p.: 15
N = 7
b:
  -94	  -71	   77	   -9	  -14	  -52	  -40
A:
	  -75	   73	   45	  -22	    9	   87	   34
	   66	  -68	   44	  -80	  -44	  -26	   58
	  -97	   15	   40	   71	   20	  -47	  -90
	  -23	  -55	   80	  -32	   33	   75	   44
	  -25	   75	    5	  -65	  -72	   21	  -56
	   11	    0	  -88	   25	  -36	  -57	  -24
	   30	  -35	  -95	  -31	  -51	  -11	  -79

l.p.: 16
N = 7
b:
  -59	   62	  -76	  -27	  -49	   72	   46
A:
	   -2	  -20	  -66	   43	  -26	  -87	  -76
	  -85	   80	  -23	   88	  -39	   -1	    8
	  -30	   62	  -77	  -47	  -33	  -23	  -30
	   92	  -54	   50	   24	  -50	   10	   57
	   32	    8	    1	   88	   66	  -13	   11
	   73	   45	  -50	   86	  -93	  -15	   52
	   43	  -48	   40	   57	  -25	  -95	  -24

l.p.: 17
N = 7
b:
   75	   56	   38	   29	  -89	   40	  -50
A:
	   44	   32	    9	  -73	   12	   77	   78
	   57	   92	   39	  -26	   23	   87	   65
	   37	   77	  -66	  -16	   88	  -97	   39
	  -66	  -49	   35	  -96	   66	   -2	   -7
	   10	  -10	  -13	  -23	  -29	  -78	   35
	   55	   13	  -49	   87	   68	   38	    1
	   50	  -52	  -47	   20	   32	   -5	   79

l.p.: 18
N = 7
b:
  -82	   70	  -77	   50	   81	  -80	   96
A:
	   14	   87	  -52	  -44	  -64	   23	  -64
	  -29	  -63	   11	   86	  -49	   74	   28
	   42	   -2	   17	  -90	  -36	   30	  -89
	   -5	   50	  -18	    5	   46	  -65	    6
	   48	  -57	  -85	   25	   23	  -21	   35
	  -44	  -35	  -78	  -97	   52	   83	  -56
	   59	   50	  -26	  -95	   54	  -51	   42

l.p.: 19
N = 7
b:
   25	  -24	   59	  -20	  -83	  -22	   39
A:
	  -93	   39	  -62	    2	   -7	   97	  -70
	   -2	  -78	  -98	   89	  -48	  -46	  -64
	  -39	  -69	   48	   -8	   92	   27	  -59
	  -40	  -12	  -39	  -39	  -14	   22	  -54
	   39	   13	  -80	   37	   23	   89	   63
	   30	   75	   79	  -54	   51	  -30	  -15
	  -40	   30	  -68	   63	  -68	   22	   32

l.p.: 20
N = 7
b:
  -58	   63	  -69	  -71	   27	  -22	  -39
A:
	  -34	  -74	   57	    3	   -3	   28	  -66
	   78	   19	   -2	  -97	   86	   13	  -88
	   17	  -66	   39	  -12	   84	   72	  -59
	   13	  -13	  -72	  -18	   96	   46	   15
	  -84	    6	  -71	  -89	    1	  -30	  -74
	  -36	  -14	    0	  -40	  -44	  -96	   29
	  -23	  -92	  -90	  -16	  -39	   69	  -81

l.p.: 21
N = 7
b:
   83	    8	   53	  -20	  -39	   66	  -79
A:
	   22	   61	   -7	   63	   48	  -85	  -35
	   91	  -89	   58	  -67	  -85	   87	   93
	   57	   91	   26	   46	  -93	  -57	   -3
	   33	  -91	  -58	   86	   67	  -91	  -23
	    8	   32	  -67	  -34	   95	  -11	  -12
	   20	   44	  -88	    3	   97	  -43	  -30
	   32	   65	   -3	   38	  -32	   51	  -92

l.p.: 22
N = 7
b:
    4	    2	  -10	   57	  -95	  -65	   95
A:
	  -45	   57	   11	   12	  -85	   10	   60
	  -36	   31	  -92	  -67	  -38	  -11	   84
	   52	   58	  -15	    1	   94	   86	  -41
	   42	   64	  -33	  -76	    2	  -98	   -1
	   74	    7	  -48	   50	  -65	   73	  -68
	   87	   43	  -18	   16	   27	   87	   70
	   63	   86	  -33	  -42	  -53	  -77	  -72

l.p.: 23
N = 7
b:
   68	   36	  -84	  -90	   50	  -63	  -79
A:
	  -61	  -77	  -85	   -2	   22	  -74	   89
	    9	  -92	   51	   94	    1	   43	   78
	  -88	  -67	  -76	  -74	   69	   54	   32
	   87	  -35	   58	  -99	   61	   74	   25
	   82	   74	   85	  -87	   66	  -89	   89
	   -2	   48	  -62	   79	  -71	   25	   96
	  -50	    4	   98	  -51	   19	  -31	   39

l.p.: 24
N = 7
b:
   58	   26	    6	  -60	   66	  -12	  -41
A:
	  -37	  -83	  -37	  -23	    6	   98	  -75
	   -9	   94	  -89	   26	  -40	  -60	  -61
	   27	  -93	   23	  -61	   -8	  -41	   -6
	   50	  -95	    7	   27	  -12	  -23	  -62
	   -1	  -31	  -76	  -58	  -70	   59	   69
	    4	   18	  -70	    4	   14	  -52	   -4
	  -11	   46	  -35	   70	   52	  -53	  -70

l.p.: 25
N = 7
b:
   64	   22	  -44	    7	   -2	  -91	  -44
A:
	  -47	   84	  -55	   24	  -78	   61	  -84
	   27	  -99	   19	  -81	  -78	   72	   55
	  -61	   72	   84	   93	    4	   -3	   10
	   60	   17	   69	  -97	  -42	   95	   92
	  -18	  -92	  -90	  -63	  -27	   26	   87
	   92	   30	   37	  -13	  -45	  -66	    1
	  -10	   82	  -57	  -87	  -70	   27	  -51

l.p.: 26
N = 7
b:
  -65	  -73	  -88	    4	  -32	   87	  -92
A:
	   80	   79	   23	   67	  -10	   55	  -17
	    5	  -14	   89	  -96	   92	   56	  -56
	   21	  -16	   28	  -28	  -79	   56	  -14
	   58	  -41	  -63	  -35	  -16	   17	   18
	  -25	  -54	  -67	  -69	  -88	  -85	    2
	  -55	   78	    3	  -13	   60	  -39	   81
	    8	  -75	  -26	   33	   43	  -83	  -92

l.p.: 27
N = 7
b:
  -95	   46	  -57	  -87	    8	   58	   93
A:
	   35	   57	   40	  -16	  -16	    5	  -27
	   -6	  -26	   27	   47	   54	  -66	   83
	   21	  -68	   27	   14	  -11	   37	   -2
	  -89	  -85	  -18	  -74	    0	  -52	  -13
	  -79	   23	  -40	  -82	  -99	   81	  -29
	  -75	   11	   47	   16	   83	  -32	    2
	  -59	  -93	  -15	  -91	  -94	   80	    4

l.p.: 28
N = 7
b:
   58	  -33	  -70	   38	   -4	  -17	   89
A:
	   76	   23	  -52	  -25	   96	  -85	  -18
	  -89	  -98	   56	   58	  -50	   95	   53
	   90	   53	  -77	  -74	   -2	   37	    6
	    0	   33	  -49	   11	   71	   36	   -6
	   52	  -45	  -92	  -22	  -91	  -59	   20
	  -30	   93	   35	  -59	   37	  -61	   64
	   40	  -90	  -20	  -15	  -42	  -43	   21

l.p.: 29
N = 7
b:
  -99	   -5	  -78	   36	   18	  -55	    9
A:
	  -79	   29	  -77	  -25	   57	   -1	   10
	   60	   71	  -40	  -43	   86	   70	   29
	   46	   69	  -72	   22	   68	  -19	   37
	  -58	   47	   38	   85	   74	  -29	   50
	   85	  -73	   41	  -15	   76	   85	  -13
	   45	   17	  -32	    5	  -80	   13	  -43
	  -37	  -19	  -64	  -35	  -12	   28	  -21

l.p.: 30
N = 7
b:
   23	  -29	   65	  -81	   10	   32	  -95
A:
	   22	   55	   86	  -58	  -22	  -15	  -27
	  -20	  -76	   41	  -16	   87	   89	  -16
	   31	  -42	  -27	   56	   31	   79	   75
	  -51	  -30	  -75	  -58	   87	   51	  -47
	  -76	   -7	   19	    5	   80	  -34	   92
	  -60	   79	   78	  -21	  -96	   56	  -33
	  -87	  -34	  -89	  -24	   47	   42	   23

l.p.: 31
N = 7
b:
  -28	   84	  -88	  -25	   45	   95	   68
A:
	   20	   71	   92	   -3	   37	   -6	  -52
	   19	   48	  -34	  -21	   12	   71	  -57
	   66	   97	   93	  -89	   80	  -77	  -68
	  -87	  -70	   60	   41	  -74	  -98	   93
	   41	  -36	   89	   36	   63	   34	   36
	   28	  -49	   43	  -24	  -83	    9	  -13
	   15	  -17	  -80	   65	   84	    6	   -8

l.p.: 32
N = 7
b:
   22	    7	  -78	   33	   62	    7	   42
A:
	    1	  -45	  -30	  -48	  -91	   37	   91
	   59	   19	  -83	  -37	   24	   27	  -98
	   96	   21	  -84	  -47	   37	   68	   68
	  -72	   44	   49	  -58	   88	   53	   92
	   82	   51	  -25	  -12	   32	  -47	   26
	   -7	  -73	  -56	  -72	  -60	  -31	    4
	  -45	   43	  -75	   32	   31	  -27	   18

l.p.: 33
N = 7
b:
  -78	  -21	  -69	   42	  -63	  -25	   30
A:
	   34	  -40	  -34	   85	   37	   89	   22
	    3	   -4	  -85	   20	    7	   71	  -69
	   51	  -44	   60	  -15	  -95	  -60	  -17
	  -68	   -5	  -67	   90	   42	   87	   10
	   47	   34	   45	   66	  -50	    0	  -57
	  -76	   44	  -25	  -34	  -75	  -99	  -54
	  -83	  -66	   19	   -3	  -54	   89	   97

l.p.: 34
N = 7
b:
  -50	   92	    7	   20	  -57	   73	   22
A:
	   10	   80	   15	    4	  -76	  -60	  -36
	  -12	   56	  -90	   91	   16	  -87	  -27
	   41	   34	   56	   45	  -30	  -99	   95
	   65	  -71	  -82	    7	  -90	    8	    7
	  -23	    0	   70	   43	  -72	   18	  -19
	    3	  -21	   15	  -18	    6	  -29	  -62
	  -58	  -29	  -21	  -85	   81	  -66	  -22

l.p.: 35
N = 7
b:
   67	   14	   37	   90	   74	  -73	   67
A:
	   73	   17	   25	  -33	   74	  -33	  -18
	  -61	   57	   44	   13	   27	  -53	   11
	   59	  -70	  -35	   -4	   39	  -65	   59
	  -54	    3	    5	  -82	   66	  -56	   -8
	   45	  -23	   32	   49	    7	   24	   43
	   27	   84	  -29	   -6	   88	   73	   25
	  -59	  -77	  -77	   62	  -78	  -42	   62

l.p.: 36
N = 7
b:
  -90	    4	   51	  -83	  -71	   27	  -84
A:
	   39	   81	  -51	  -84	   75	  -88	   81
	  -61	   84	    4	   -7	  -10	   89	    7
	   62	   23	  -73	   -2	  -94	  -88	   52
	  -42	   64	  -17	  -50	   33	   19	   49
	  -98	  -80	  -70	  -83	  -75	   39	  -54
	   13	   61	  -10	  -52	   11	   66	  -57
	   45	   31	  -95	  -59	   30	   81	   71

l.p.: 37
N = 7
b:
   38	  -35	   66	  -48	  -89	    8	  -63
A:
	  -57	   -2	  -93	   59	  -69	  -17	  -79
	   61	  -30	   73	   13	   84	  -33	   91
	   10	   97	   -5	   38	   53	   -9	  -22
	    0	    0	  -22	   -5	   -4	    7	   77
	  -23	   40	   40	   60	   46	  -30	   10
	   49	   33	   63	  -19	  -50	  -89	  -83
	  -52	   -3	   60	   87	   66	   61	  -84

l.p.: 38
N = 7
b:
   11	   72	   28	  -64	  -14	  -89	  -73
A:
	   65	   41	   -1	  -12	  -71	  -28	  -60
	   -5	   69	  -87	   -6	   58	   -5	  -43
	   43	   92	  -37	   44	  -61	   -4	   45
	   20	    5	  -79	   17	  -60	  -94	  -33
	  -89	   70	  -79	  -51	  -70	   92	    2
	  -15	   61	  -70	   66	   15	   70	   92
	   87	  -80	   50	  -20	  -21	  -95	   -9

l.p.: 39
N = 7
b:
  -97	   15	   29	  -81	   98	  -10	  -25
A:
	   48	    6	  -68	    3	  -57	  -89	   49
	  -23	  -91	   24	   78	   34	   78	   17
	  -17	   -9	  -80	   50	  -17	  -58	   18
	   19	  -96	   70	   92	   58	  -39	  -82
	  -48	   87	  -37	  -84	   70	  -57	   -6
	  -17	  -62	  -10	   59	   71	   37	   67
	   78	  -63	    9	  -31	   -1	   54	   81

l.p.: 40
N = 7
b:
   45	  -55	   56	  -81	  -40	  -42	  -79
A:
	   71	  -37	  -15	   53	   85	  -13	   63
	   88	  -56	    5	  -16	   91	  -74	   74
	  -97	   27	  -82	    5	  -15	  -65	  -71
	  -25	   35	  -62	   80	   24	   93	    5
	  -79	   63	   81	   71	   21	    8	  -30
	  -18	  -80	   45	   79	   36	   79	    3
	  -69	   66	    5	  -15	   91	   80	  -45

l.p.: 41
N = 7
b:
  -29	  -24	   67	   82	   55	    1	    8
A:
	   13	   91	   34	  -73	   -2	  -64	   -7
	  -63	  -78	   -9	   69	   41	  -33	  -71
	  -91	  -38	   64	  -16	   64	   24	   17
	  -85	  -57	  -17	  -56	   80	    2	    0
	   15	  -58	  -24	  -42	  -80	   47	  -76
	   49	    4	   65	   21	  -14	  -22	  -79
	  -54	  -42	   -3	   69	   63	  -76	   22

l.p.: 42
N = 7
b:
   87	  -67	  -59	    7	   91	   -8	   63
A:
	  -60	  -74	   23	  -46	  -83	   85	  -68
	   28	  -75	  -50	   38	  -71	   41	  -90
	  -89	  -56	   40	  -18	  -29	  -98	   43
	  -91	   90	  -20	   35	  -47	    6	   20
	  -34	  -85	   -5	    1	    3	   31	  -75
	   24	   17	   -1	   81	   -9	   39	   57
	  -75	   89	   87	  -74	   12	  -64	  -24

l.p.: 43
N = 7
b:
   34	  -63	   68	  -60	   -2	  -99	   76
A:
	  -80	   62	   17	   52	    9	  -56	   25
	   16	  -44	   11	   10	  -87	   95	   87
	  -17	   32	   76	  -68	   37	   33	  -75
	   69	  -79	   55	  -34	   42	  -57	   74
	  -31	  -55	  -25	  -67	  -55	   13	   67
	   16	  -46	  -48	    1	    6	   33	  -73
	  -82	    1	   78	   47	  -16	   50	  -62

l.p.: 44
N = 7
b:
  -21	   12	   18	  -77	   96	   47	  -57
A:
	   42	  -85	  -64	   27	   90	  -75	    7
	  -14	   97	   77	    1	   23	  -60	   43
	   -5	   17	  -26	    7	  -31	   52	   63
	  -17	  -36	    3	  -23	    3	   -4	   -9
	  -92	   63	   39	    0	  -92	   57	   -5
	   75	  -27	   69	  -78	   57	  -37	  -15
	  -97	   36	   46	   90	  -69	   45	  -41

l.p.: 45
N = 7
b:
   16	  -18	   39	  -55	  -56	   47	    5
A:
	   33	  -16	  -70	   30	    8	   30	  -28
	  -96	  -32	    5	  -75	   55	   37	   40
	   45	   38	  -82	  -59	  -94	  -96	  -18
	  -34	  -92	   62	   66	  -84	    8	   93
	    9	  -67	    8	    7	  -90	   60	  -62
	  -59	  -80	  -98	  -67	   49	   -5	   31
	  -57	   57	   -7	   51	    2	   84	  -78

l.p.: 46
N = 7
b:
  -75	  -16	   75	  -72	   -8	   57	  -28
A:
	  -78	  -65	  -73	  -63	  -67	   -6	  -72
	   88	  -43	   93	  -47	   19	   47	  -39
	  -68	  -58	  -40	  -51	   95	   59	    7
	   47	   52	  -94	   22	  -20	   46	    9
	  -89	  -27	   38	   60	  -74	   41	   18
	  -23	  -87	   41	   48	  -94	  -69	   23
	  -35	   60	   52	   13	   71	  -90	  -32

l.p.: 47
N = 7
b:
   15	   42	  -40	   66	   72	  -65	   79
A:
	   81	   -9	  -79	  -41	   56	  -98	  -80
	   84	   55	   46	  -23	   26	   71	  -12
	  -29	  -14	   70	   73	  -49	  -96	  -45
	  -57	   30	   85	  -90	   -7	  -88	  -79
	  -42	  -31	   72	   16	   25	  -78	  -73
	  -72	   23	   16	   52	   95	  -58	  -54
	    9	   46	  -53	   64	    4	  -79	   33

l.p.: 48
N = 7
b:
  -51	  -71	   16	   43	   -1	  -23	  -13
A:
	   77	   -5	   25	   39	   -9	   74	    7
	   53	   61	  -81	   79	  -14	  -72	   51
	   43	  -44	  -51	   65	   60	   80	   15
	  -67	  -26	  -98	   36	   -2	  -67	   37
	   82	  -47	  -22	   30	  -37	  -67	   86
	    0	  -39	   -5	  -13	  -26	   48	  -75
	   41	  -16	    4	   39	   35	   61	  -80

l.p.: 49
N = 7
b:
  -17	   43	  -11	  -35	   69	   12	  -18
A:
	   93	  -58	    0	   65	   55	   24	   87
	   68	  -84	   71	  -57	  -72	  -37	  -60
	  -19	  -59	  -60	  -50	  -53	  -66	   -2
	  -36	  -26	   77	    4	  -83	    9	   47
	  -12	  -23	   47	   -3	  -72	  -59	  -98
	  -10	  -27	   18	    2	   91	   54	   20
	  -81	  -21	  -70	   57	   93	   44	    5

l.p.: 50
N = 7
b:
   86	   -1	   -4	   93	  -48	   89	  -74
A:
	   68	  -66	  -18	   98	  -85	   15	   17
	   83	  -20	  -98	  -38	   41	   57	   89
	  -24	   93	  -13	   -3	    5	   58	   93
	   -4	  -39	   77	   39	   -7	   67	   84
	  -61	  -79	  -85	  -86	   89	   91	  -94
	  -40	  -40	   10	  -42	  -22	   27	  -30
	   83	   15	   17	   88	  -13	  -43	  -47

l.p.: 51
N = 7
b:
   75	  -41	  -87	   79	  -85	  -61	  -58
A:
	  -97	  -13	  -42	  -31	   20	  -17	  -54
	   55	   35	  -83	   65	   97	  -81	    4
	  -70	  -13	   25	   40	   26	   89	   76
	   45	    5	  -92	   -1	   80	   78	  -67
	   38	   58	   95	  -82	  -81	   68	  -59
	   79	  -14	   37	   42	   57	  -53	   92
	   34	    3	   68	  -61	   52	   70	   74

l.p.: 52
N = 7
b:
   94	  -58	  -46	   40	  -24	  -93	  -72
A:
	  -23	   10	  -63	   98	   84	  -40	  -25
	  -79	  -79	  -23	   -7	   30	  -67	  -36
	   57	   40	  -84	  -21	  -59	  -18	    2
	   84	   47	  -16	   74	  -35	  -66	   91
	   -8	  -40	  -87	  -46	   88	   36	  -62
	  -29	  -63	   53	  -34	   70	  -10	   66
	   26	   29	   -4	   59	  -69	  -43	    6

l.p.: 53
N = 7
b:
   92	   13	  -81	  -13	  -95	   38	   22
A:
	  -53	   24	   57	  -37	  -43	  -98	   73
	  -80	   45	  -74	  -28	  -79	    1	  -45
	  -82	    4	   90	   52	   60	  -89	   91
	  -21	  -27	    2	  -55	  -21	  -80	   25
	  -78	  -89	  -90	  -64	  -12	  -24	  -93
	  -35	  -66	   49	  -91	  -90	  -70	  -68
	   61	   51	   12	   80	  -59	   63	  -48

l.p.: 54
N = 7
b:
  -73	  -82	   63	   37	   19	    1	  -71
A:
	  -36	    3	  -68	   73	  -65	  -80	  -78
	  -34	    3	  -29	   -5	  -30	   92	  -25
	   24	   41	  -94	  -80	    3	  -61	  -62
	   57	   26	    3	  -71	    2	  -45	   54
	  -51	  -73	    2	   90	   35	   23	  -42
	   47	  -69	  -10	  -91	   88	  -82	  -49
	   -2	   15	   -1	  -71	   -5	  -74	  -70

l.p.: 55
N = 7
b:
  -16	   30	   78	  -73	  -82	   57	    6
A:
	   -7	   57	   40	   85	  -10	   17	   41
	   93	  -93	   17	  -33	   46	  -22	  -21
	    1	   76	   21	   -6	  -66	   68	   13
	   15	  -79	  -76	    0	  -79	   68	   24
	  -21	  -84	  -19	   38	  -32	   79	  -46
	   92	   29	   88	  -96	   93	  -83	   54
	  -83	  -46	   63	  -50	    4	  -38	    7

l.p.: 56
N = 7
b:
  -75	  -92	  -93	  -60	   53	   51	  -66
A:
	   81	   90	   81	  -41	  -15	   77	  -29
	  -97	  -51	  -47	  -95	  -88	  -83	   90
	   30	  -54	  -21	  -90	  -69	   11	  -19
	   -3	   26	  -79	   -9	  -49	  -29	  -46
	  -50	  -40	  -83	   27	   52	   54	  -22
	  -41	  -33	   16	   28	   42	   11	   28
	    7	  -30	   87	  -72	   83	  -14	   40

l.p.: 57
N = 7
b:
  -10	  -72	  -27	   72	   55	   82	  -79
A:
	  -82	   -6	   56	   85	  -26	  -71	  -29
	   80	  -54	   18	   -2	   -4	   79	  -87
	   92	  -60	   89	   74	  -63	  -13	   48
	  -32	   35	  -47	  -26	   51	  -26	  -99
	  -65	   24	   85	  -39	  -13	   33	  -55
	   67	  -36	   85	   87	   75	  -38	   -4
	   87	   98	   63	   78	   80	  -87	   28

l.p.: 58
N = 7
b:
   52	  -11	   40	   14	  -27	  -86	  -47
A:
	  -20	  -87	   45	   74	  -16	  -12	  -61
	  -48	    8	   -3	   80	  -12	  -78	   91
	  -66	  -83	   34	   81	   34	   81	  -39
	   87	  -63	   72	  -43	  -12	  -95	  -71
	  -60	   49	   97	   15	  -74	  -19	   60
	   47	   94	   31	   88	  -20	   43	  -21
	   -2	   -8	   48	    9	  -52	  -19	    0

l.p.: 59
N = 7
b:
   76	   43	   13	   -2	   15	   65	   17
A:
	   -6	  -14	   26	    8	  -88	   34	   40
	   49	  -83	  -51	  -79	   68	  -98	   34
	  -74	  -21	  -33	   25	   52	   11	  -83
	   27	  -97	  -38	   74	   17	  -34	   22
	   38	    7	  -66	  -78	   48	   34	  -18
	   76	  -35	  -88	  -71	  -47	  -29	  -85
	  -22	   39	  -74	  -97	   23	  -93	  -65

l.p.: 60
N = 7
b:
   69	   75	  -98	   40	  -56	  -72	   13
A:
	   66	  -69	  -30	  -59	  -10	   80	  -10
	  -19	   48	   31	   16	  -37	  -10	  -43
	   91	  -25	  -36	   38	   82	   -9	  -86
	  -62	   -9	  -34	  -96	  -82	    1	   47
	  -24	    8	   19	   22	  -98	    8	  -87
	  -57	   -7	  -87	  -48	   43	  -11	   73
	  -47	   12	   30	   69	   89	  -63	  -27

l.p.: 61
N = 7
b:
  -21	   59	   40	  -15	  -63	  -43	  -43
A:
	   -1	  -26	   13	    2	   55	   88	   88
	   53	  -12	   17	   41	   40	   -3	    8
	   90	   51	   80	  -24	  -59	   68	  -91
	   40	    5	  -84	  -43	   63	   85	  -97
	   66	  -39	   21	   77	  -64	   32	   63
	   41	   12	   60	  -53	   31	   46	  -27
	  -95	  -99	  -24	  -32	   72	   92	  -72

l.p.: 62
N = 7
b:
  -74	  -77	   15	   11	   14	   51	  -99
A:
	   19	   80	   35	   12	   -5	  -59	  -14
	   64	   67	    9	   79	   55	   95	   80
	  -37	  -43	   34	   87	   49	  -90	  -83
	  -94	  -72	   74	   51	  -90	  -22	   -9
	   76	   23	   83	  -78	  -73	   82	   16
	   60	   94	  -76	    4	   -6	  -73	  -48
	    7	  -72	    0	  -70	   74	   95	  -96

l.p.: 63
N = 7
b:
   -4	  -28	   35	  -12	  -20	  -19	  -63
A:
	    4	    2	  -53	  -57	   84	  -89	   54
	  -18	  -75	  -53	  -29	  -62	   87	  -11
	   11	   25	   39	   -1	   97	   57	   94
	  -23	   17	   -3	  -42	  -18	   44	   62
	  -41	  -21	  -24	  -68	  -69	   -4	  -25
	  -89	  -55	  -95	   85	   79	  -58	  -24
	   57	   58	   63	  -54	   14	  -85	  -80

l.p.: 64
N = 7
b:
  -56	  -19	   93	  -74	  -34	    5	   32
A:
	   20	  -94	   53	  -86	    7	   69	  -73
	  -47	  -92	   80	  -10	   20	  -61	  -97
	   15	  -61	   19	  -96	   87	  -24	  -91
	   72	  -96	   68	  -14	  -47	   82	   83
	   66	   20	   40	   79	   30	  -90	   29
	  -74	  -92	  -64	   90	   94	   68	   45
	   49	  -76	  -52	   36	  -95	   25	  -90

l.p.: 65
N = 7
b:
  -17	  -32	  -38	  -71	    7	  -70	   53
A:
	   10	  -41	   60	   73	  -96	   34	   39
	   65	  -58	  -37	  -49	   15	   69	   90
	    2	  -41	   78	  -51	   37	  -34	   -3
	  -94	   91	  -25	   34	   21	  -15	   35
	    4	  -21	   46	  -69	  -10	   28	  -27
	   24	   44	   64	   89	   91	   40	   25
	  -93	    1	  -95	  -96	   20	   37	   22

l.p.: 66
N = 7
b:
   81	  -86	   81	   13	   51	  -76	   44
A:
	  -96	   77	   86	  -96	  -10	  -76	  -21
	   51	  -79	   34	   90	   19	   48	   59
	  -98	  -71	  -99	   97	   -3	  -29	  -72
	  -68	   29	   85	   -8	  -67	  -28	   29
	   60	  -97	  -34	   14	  -12	   81	  -56
	  -61	  -58	  -20	   93	  -39	  -15	   16
	  -45	  -57	  -63	  -25	   22	  -68	  -78

l.p.: 67
N = 7
b:
    7	   -9	  -84	   90	  -72	   73	   28
A:
	  -28	   84	   -5	   64	  -68	   22	   21
	   67	  -35	   48	   57	  -87	   35	   43
	   66	    5	   94	   19	   -9	   88	  -47
	   13	  -94	  -81	   -3	  -83	  -15	   82
	  -75	    8	   51	   36	   -3	   84	   22
	  -74	   72	  -68	  -55	   57	   84	   51
	  -14	   35	   34	  -36	   94	   -7	   43

l.p.: 68
N = 7
b:
  -56	   20	  -51	  -58	   73	   32	   60
A:
	   -8	  -44	  -19	  -27	   55	   25	  -54
	  -44	  -88	  -68	  -85	   57	   57	  -52
	  -64	  -54	  -59	  -84	  -81	  -51	   42
	  -36	  -69	  -84	  -28	  -17	  -58	  -69
	  -19	   90	   21	   -9	  -81	  -35	   45
	   92	   82	  -79	   90	   31	    2	    0
	  -48	   75	   27	  -82	   -2	   94	   64

l.p.: 69
N = 7
b:
   37	  -46	  -82	    7	   95	  -29	  -79
A:
	  -15	   22	   12	   97	   28	  -38	  -34
	  -51	   50	   52	  -32	  -85	   41	  -78
	   18	  -26	   42	   22	   35	  -86	  -66
	   13	   95	  -94	  -14	   77	  -43	   -4
	   -3	   61	   96	   -5	  -54	  -80	   43
	   95	   12	   97	    6	   11	   95	  -48
	   50	  -68	   13	   58	  -30	   31	  -73

l.p.: 70
N = 7
b:
   66	   10	   13	  -16	  -14	   95	    9
A:
	   26	   68	   34	   95	  -95	   88	   33
	  -86	  -93	   71	   28	    7	   95	   12
	  -62	   12	  -64	  -89	  -88	  -65	  -65
	  -15	   11	   30	   72	  -89	   98	   27
	  -67	    0	  -21	  -58	   91	   28	  -14
	   70	    4	  -26	  -66	   46	   75	  -50
	   55	  -34	  -14	  -27	  -95	   69	  -95

l.p.: 71
N = 7
b:
    9	  -63	  -96	   -6	  -18	  -82	   64
A:
	   34	  -46	   82	   71	  -20	  -73	  -32
	  -31	   86	   86	   76	  -96	  -32	   34
	  -56	  -81	   23	  -37	  -92	   12	  -58
	  -77	    8	  -69	   65	   73	   89	  -22
	  -41	  -59	   20	   79	   32	  -43	   59
	   35	   -3	   -4	  -24	  -25	    1	  -24
	   11	  -68	   11	  -84	  -26	   55	  -75

l.p.: 72
N = 7
b:
   48	  -51	   10	  -99	   43	  -97	   51
A:
	  -39	   64	  -46	   51	  -48	  -51	  -42
	  -63	   38	   13	  -53	   -7	  -54	   82
	  -21	   72	   34	   86	   17	   36	   69
	  -46	   68	    8	   93	  -57	  -90	   55
	  -25	  -94	  -45	   30	   62	   60	   68
	    5	  -33	  -97	   90	  -25	   -1	   12
	   77	  -20	   16	   -2	   81	  -82	   -5

l.p.: 73
N = 7
b:
   -9	   73	   97	   -9	  -96	   97	  -18
A:
	   48	   81	   54	   30	  -96	  -55	   67
	   64	  -27	   -3	   94	   93	  -86	  -41
	    3	   38	   60	  -50	  -80	   54	   81
	  -67	  -67	  -67	   58	   83	  -33	   77
	   74	  -55	   40	   20	  -71	    6	  -71
	   35	   19	  -63	   94	   17	   51	  -54
	  -67	  -73	   20	   60	   42	  -15	  -34

l.p.: 74
N = 7
b:
   65	  -89	   29	   66	   44	    5	  -91
A:
	   95	   -6	  -50	    9	  -59	   73	  -96
	   98	   48	  -77	  -60	   11	    8	   11
	  -62	  -40	  -85	   50	  -42	  -75	  -62
	   56	  -76	   18	  -92	  -53	   17	   84
	  -29	   47	  -94	    6	    9	   30	   74
	  -53	  -30	   -7	   -9	   58	   33	   86
	   54	   43	   68	  -22	   26	  -94	    0

l.p.: 75
N = 7
b:
    4	  -21	   20	    0	  -98	  -72	  -42
A:
	   46	   53	  -59	   85	   28	   98	  -99
	  -59	  -76	   71	  -67	   67	   86	  -32
	  -48	   93	  -44	  -96	  -24	   25	   41
	  -69	   83	  -91	   20	   49	   28	    6
	   47	   36	  -75	  -63	   69	  -39	   98
	    3	   62	   23	  -11	   -8	  -28	  -37
	   63	   90	  -44	   -7	   36	  -63	   88

l.p.: 76
N = 7
b:
  -52	  -92	  -82	   -5	   60	  -98	   41
A:
	  -72	   -1	  -21	   98	   79	  -37	  -15
	  -70	   76	  -26	  -13	   51	  -71	   82
	  -32	   27	   64	  -30	   40	  -63	  -32
	   -4	  -55	    3	   96	   94	  -19	   51
	  -47	   19	   40	    4	  -95	   20	  -27
	  -43	   45	  -60	  -33	  -51	   74	   13
	  -65	   33	   53	   15	   13	   98	  -45

l.p.: 77
N = 7
b:
    3	   11	    6	    4	   41	   70	  -94
A:
	   33	  -90	  -88	  -97	  -34	   22	  -67
	   12	  -34	  -12	   64	   51	    0	  -75
	   38	  -97	   82	   26	   31	   -2	   14
	   91	   64	  -92	  -97	   44	   61	   89
	   74	   90	  -35	   81	   78	   -7	   24
	   75	  -30	   57	   24	   81	   70	   48
	   77	  -78	   22	   50	   57	   89	  -61

l.p.: 78
N = 7
b:
  -68	  -34	  -37	   87	   28	   22	   75
A:
	  -10	  -84	   69	   62	   31	  -39	  -27
	    2	   26	   75	  -55	   25	   95	   82
	  -76	  -12	  -95	   24	   58	  -52	  -85
	   69	   72	   14	   51	  -67	  -85	  -61
	  -62	   90	   34	   74	   54	   55	  -47
	  -74	   40	  -32	  -41	  -16	   40	  -62
	   34	   96	  -51	  -93	   80	    6	   89

l.p.: 79
N = 7
b:
  -55	   57	   25	    8	   -9	  -46	    8
A:
	   12	   -9	   73	  -37	   38	   42	   34
	    9	   59	   40	   34	  -75	  -93	  -96
	  -84	  -73	   63	   85	   77	  -95	    2
	  -51	   -1	   15	   85	  -60	  -71	  -17
	   92	   74	  -29	  -54	  -20	  -97	   91
	  -43	   70	  -98	   59	   58	   81	   81
	   36	  -70	   80	  -31	  -65	   83	   12

l.p.: 80
N = 7
b:
    5	  -38	  -60	   43	  -37	    7	   16
A:
	   31	  -68	   11	  -28	  -84	   -8	  -19
	   45	    6	   55	  -71	   50	  -64	  -74
	   55	  -81	   12	    1	   86	  -70	  -64
	  -96	  -97	   10	  -74	  -93	  -55	  -45
	  -69	  -92	  -77	   46	   46	  -39	   73
	   64	  -19	   96	  -88	   35	  -66	   26
	  -93	    3	  -75	  -26	   71	   83	   80

l.p.: 81
N = 7
b:
  -68	  -32	  -35	   52	  -24	   30	   52
A:
	   86	   -2	   -3	  -35	  -16	  -85	  -57
	   -9	   21	   11	   94	   74	  -23	   68
	  -73	  -70	   58	  -35	   70	  -92	   -8
	  -99	  -13	   40	  -65	  -19	   35	    0
	   83	  -55	  -11	   19	   16	   87	   63
	  -81	  -13	  -45	   51	  -82	   87	   13
	   53	    9	  -96	  -86	  -98	    7	   97

l.p.: 82
N = 7
b:
    8	   -2	  -77	  -74	  -73	  -77	   64
A:
	   49	   91	  -22	   49	   22	   95	    9
	  -56	  -14	  -38	  -24	  -83	  -61	   73
	   40	  -98	   41	  -16	   27	  -41	   48
	  -61	   43	   55	   94	   67	  -58	   84
	  -29	  -74	  -39	    3	  -81	   60	  -30
	    7	   89	  -54	   33	  -41	    5	   44
	   51	   -8	   82	  -46	    1	  -40	  -71

l.p.: 83
N = 7
b:
  -61	   72	   76	   61	  -51	   31	    6
A:
	  -82	   44	  -13	   81	   70	    4	   17
	   96	  -89	   59	   84	  -47	   87	    7
	   80	  -55	  -96	   81	  -77	  -33	  -25
	   96	  -26	  -96	  -21	   69	   88	   34
	   52	   67	  -66	  -95	   74	   60	  -39
	   15	  -53	   89	  -41	   61	  -38	  -65
	  -74	  -18	  -15	   51	  -80	  -95	  -18

l.p.: 84
N = 7
b:
  -54	  -77	   30	  -60	  -78	  -71	   27
A:
	   61	  -10	  -55	   94	   62	   91	   36
	   84	   63	  -15	  -32	  -12	   66	   38
	  -34	   18	    0	  -32	  -14	   52	   21
	  -35	   79	  -32	   39	  -33	  -27	   17
	  -99	   51	   54	   53	  -83	    0	  -58
	    5	    1	  -26	  -36	  -74	   35	  -99
	    6	  -98	  -40	   46	  -83	  -46	  -70

l.p.: 85
N = 7
b:
  -94	   55	   50	   71	   92	   64	  -61
A:
	  -11	  -57	   -1	  -72	  -78	   80	    7
	  -71	  -57	   33	  -16	  -75	  -32	   -8
	   94	  -45	   95	  -52	   53	  -18	   45
	  -86	   93	  -93	   39	  -63	  -45	  -89
	   69	  -84	  -10	   51	  -50	  -46	   26
	   24	  -42	    6	   85	   20	    4	  -22
	   85	   49	  -68	  -49	   74	   17	   76

l.p.: 86
N = 7
b:
  -96	  -38	   23	  -73	  -96	   81	   90
A:
	  -19	   80	   81	   90	   37	  -35	   74
	   72	   48	   91	   23	   25	  -72	   18
	  -52	  -87	  -25	  -20	    4	    0	   97
	  -30	   -8	  -53	   19	   21	  -48	   -3
	   59	   55	  -72	   45	  -83	   39	  -99
	  -77	   75	   86	   98	   19	   31	  -45
	  -22	  -15	   -9	  -53	  -89	  -55	   82

l.p.: 87
N = 7
b:
  -34	  -48	  -87	  -40	  -21	  -14	    0
A:
	   37	  -74	  -96	   13	   75	    9	   39
	  -19	   25	  -42	  -38	  -77	   -2	   74
	   60	   74	   34	   11	   29	   23	  -55
	  -20	   65	  -66	  -15	   -4	  -41	   74
	  -16	  -42	   26	  -92	   33	   94	   92
	  -94	  -35	  -62	   62	  -62	  -92	  -46
	   97	   22	  -53	  -36	  -27	  -42	  -43

l.p.: 88
N = 7
b:
  -25	  -67	    7	  -53	   -3	   67	  -57
A:
	   -8	   97	    3	  -27	   80	   23	   68
	  -82	  -15	  -26	   86	    5	   63	   96
	   83	   14	  -76	  -27	  -97	   97	  -98
	   -1	    7	  -84	  -82	   37	  -75	   64
	   27	  -71	  -47	   54	  -67	  -26	   38
	  -42	   65	    7	   -8	  -79	   45	   29
	   16	   96	   44	   82	   -9	   77	  -79

l.p.: 89
N = 7
b:
  -19	  -67	  -82	   59	   50	   57	   57
A:
	   45	   -5	  -73	   38	   20	   28	   66
	  -43	   78	  -59	    7	   24	   92	   -1
	   46	   38	    0	   -7	  -41	   63	   82
	  -97	   97	   43	  -49	   75	  -73	  -29
	   77	   56	   48	    1	   31	   57	   47
	  -45	  -30	   33	  -10	   10	   20	   16
	  -49	    2	  -80	  -15	  -16	    4	   88

l.p.: 90
N = 7
b:
  -68	  -91	   97	  -76	   92	   -2	  -15
A:
	  -56	  -81	    5	  -75	  -70	   71	  -32
	  -26	   98	  -46	   69	   26	  -59	   94
	  -57	    9	   41	   75	  -26	  -15	  -43
	  -27	   48	   29	  -84	   31	   44	  -34
	  -84	  -32	   38	   33	  -65	  -49	   70
	   28	  -69	  -60	  -82	   47	  -51	  -22
	  -92	  -62	  -29	  -80	   18	   65	   40

l.p.: 91
N = 7
b:
   42	  -65	  -30	  -79	   70	  -76	  -97
A:
	   13	  -60	  -57	   65	    0	   17	  -72
	   15	  -56	  -82	   -8	   45	  -73	  -28
	   16	   12	  -92	  -32	   80	    4	   75
	   17	   96	  -59	  -52	   41	  -23	  -34
	   86	  -81	  -81	  -23	   84	  -75	   57
	   -2	  -10	  -58	  -69	  -74	  -37	   42
	  -82	   79	  -59	   76	  -69	  -52	   57

l.p.: 92
N = 7
b:
  -92	  -28	   58	  -13	   61	  -42	   13
A:
	   34	   22	   77	    3	  -52	  -77	  -94
	  -38	   55	   92	   18	  -49	   60	   11
	  -35	   88	  -64	   85	   91	   29	  -94
	   48	   44	  -36	  -85	   88	  -21	  -68
	   -6	   27	  -63	   51	   62	  -65	  -83
	   28	  -18	  -27	  -43	   -8	  -80	    6
	   98	   58	   36	  -84	   66	  -23	  -49

l.p.: 93
N = 7
b:
  -99	   82	   16	  -60	    7	   73	   51
A:
	  -74	   34	   33	  -23	   49	   27	  -85
	  -56	  -56	  -71	   20	  -26	   39	    4
	   35	  -24	    0	  -98	  -33	   24	   13
	   -4	   77	  -97	  -11	   17	   92	  -17
	  -96	  -34	  -24	  -84	  -12	  -21	  -28
	  -11	  -80	  -41	   54	  -75	  -47	   59
	  -45	  -10	  -53	   84	   26	  -93	   17

l.p.: 94
N = 7
b:
   39	   14	  -46	   62	  -39	   -1	  -27
A:
	   62	  -83	  -37	   37	  -89	   14	  -35
	  -43	   81	    1	  -98	   26	  -25	   53
	  -71	   77	   62	   77	  -21	  -26	   -9
	   11	   -2	   15	   77	   43	  -70	   18
	   35	   12	   18	    1	  -15	   10	  -78
	  -65	  -41	    5	  -17	  -87	   66	   93
	   68	  -59	  -59	  -71	   29	  -55	  -47

l.p.: 95
N = 7
b:
   85	  -39	   13	    1	  -81	  -69	    5
A:
	   85	   96	  -67	  -11	  -25	  -90	  -53
	  -64	  -47	  -83	  -26	   50	  -38	   91
	    8	   -8	  -17	  -42	   80	   61	   92
	   -8	   48	  -71	   47	  -11	  -64	   23
	  -95	   48	   86	  -52	  -61	  -86	   75
	  -47	   61	  -41	    4	  -15	  -20	  -30
	  -88	  -50	   58	   -9	   75	   92	   76

l.p.: 96
N = 7
b:
  -97	   90	  -86	  -85	  -92	   29	   62
A:
	   45	   12	   12	   34	  -68	   58	  -61
	   40	  -84	   73	   21	   38	   95	  -78
	  -40	  -33	  -65	  -27	  -48	  -55	  -74
	  -29	  -87	  -48	   -1	   92	   44	   33
	   38	    1	   23	   62	   54	  -43	  -92
	    0	  -23	  -84	   -3	  -80	  -73	   83
	  -69	  -19	  -13	    1	  -32	   11	  -69

l.p.: 97
N = 7
b:
  -65	  -94	  -92	   11	   90	   21	    1
A:
	   73	  -49	   62	  -13	   16	   97	   56
	  -32	   59	  -58	   73	   81	   60	  -21
	  -60	  -57	   38	   20	  -15	    5	  -91
	  -60	   54	    3	   63	  -83	  -10	  -67
	   54	    5	   93	   26	   64	  -58	  -73
	   60	  -20	   76	   73	   66	   91	  -63
	  -24	   33	   73	  -24	  -36	  -59	  -24

l.p.: 98
N = 7
b:
  -50	    5	  -29	  -37	  -72	   83	  -27
A:
	   65	  -59	   27	   73	   30	  -13	   10
	  -44	   18	  -35	  -90	   49	   71	   57
	    8	  -19	  -11	  -67	   82	    3	    0
	   18	  -59	  -61	   39	  -21	  -74	  -94
	  -52	   50	   10	  -71	   52	   21	  -54
	   48	   51	  -54	  -89	   93	   83	  -74
	   22	  -63	  -13	   35	   91	  -50	  -72

l.p.: 99
N = 7
b:
   63	   18	  -53	   -8	   65	   67	   23
A:
	  -94	   -9	   88	   41	  -66	  -12	   90
	  -15	   36	  -55	   13	   10	  -91	  -36
	   55	  -39	   49	  -88	   24	   29	   -2
	   94	   10	   16	  -21	  -92	   32	  -47
	    9	  -73	  -16	   71	  -94	    5	   22
	  -41	  -78	  -71	   47	   78	  -66	  -24
	  -78	   30	   28	   65	   95	  -99	   -4
