l.p.: 1
N = 7
b:
   -5	    1	   26	   40	  -90	  -11	   33
A:
	   82	   -3	  -98	  -44	    2	   28	   11
	  -54	   30	   80	   58	  -24	  -76	   16
	   82	   -3	  -98	  -44	    2	   28	   11
	  -85	  -85	   12	  -24	   36	  -18	   97
	  -40	   12	  -58	   33	  -11	  -72	   -6
	  -85	   -7	   31	   -7	   19	  -52	  -88
	   11	   -2	   33	  -83	  -82	  -59	  -91

l.p.: 2
N = 7
b:
  -91	  -74	   44	   53	   68	  -43	   45
A:
	   90	   80	   -5	   93	  -26	  -48	   49
	   76	   87	   67	  -43	  -19	   65	   10
	   53	  -73	  -17	   68	   -7	  -19	  -53
	   69	   -5	   73	   47	   43	  -23	   53
	  -45	  -28	   83	   48	   66	   78	  -11
	   90	   80	   -5	   93	  -26	  -48	   49
	   24	  -59	   26	  -69	   48	   68	  -51

l.p.: 3
N = 7
b:
  -39	   -9	  -24	   45	  -95	  -15	  -72
A:
	   74	  -96	   85	   45	   90	   84	  -73
	  -66	   20	   81	  -79	   17	   86	  -36
	  -53	  -80	    4	  -40	  -16	   19	    2
	   98	   62	  -32	  -61	  -95	   73	   66
	   60	  -25	  -94	  -44	  -16	  -64	   70
	   74	  -96	   85	   45	   90	   84	  -73
	   52	   33	  -89	   35	   67	  -70	   69

l.p.: 4
N = 7
b:
  -72	  -62	   92	  -57	  -74	  -28	  -72
A:
	   11	  -69	   52	  -11	  -63	  -82	  -81
	  -99	   32	    8	  -21	   22	  -57	   87
	   11	  -69	   52	  -11	  -63	  -82	  -81
	  -40	    6	   11	  -34	   66	   78	   25
	  -30	   75	   55	  -94	   17	   62	   39
	   71	  -26	   84	   58	   60	   89	   86
	  -71	  -95	   -8	  -19	   25	   74	   73

l.p.: 5
N = 7
b:
   41	   83	  -80	   79	    6	   40	  -51
A:
	  -16	   72	  -18	  -55	  -78	   43	  -44
	   84	   16	   -1	  -52	  -42	  -12	  -18
	  -18	  -13	  -28	  -64	   83	   -9	   67
	    2	   46	   43	   16	  -46	   98	   72
	  -16	   72	  -18	  -55	  -78	   43	  -44
	   44	  -35	   41	   69	   41	  -73	   -3
	   55	   89	  -56	   -3	   27	   71	  -87

l.p.: 6
N = 7
b:
   53	  -88	   27	  -44	   19	  -61	   79
A:
	   53	  -44	  -40	   73	  -84	   44	  -59
	   -2	   91	   76	    3	  -39	    0	   98
	   71	  -15	   95	   98	   73	   76	   74
	  -21	  -58	  -11	   71	  -69	   37	   14
	   58	  -38	   31	  -40	  -74	    1	   18
	   53	  -44	  -40	   73	  -84	   44	  -59
	  -63	  -32	    9	  -37	   49	  -71	   86

l.p.: 7
N = 7
b:
    1	   25	  -58	   32	  -92	  -97	   20
A:
	  -45	   78	   50	  -79	   -4	  -55	   92
	   11	   84	  -50	  -76	   13	  -61	  -11
	    4	   20	   55	   61	   42	  -76	  -57
	  -45	   78	   50	  -79	   -4	  -55	   92
	   15	    8	   31	   -5	   10	   94	   98
	  -60	   73	   78	  -14	  -12	  -69	    4
	  -79	  -52	  -71	   39	  -22	   36	   59

l.p.: 8
N = 7
b:
   26	   -3	   62	  -76	   25	  -21	  -35
A:
	   29	   57	  -91	   31	  -89	   13	  -92
	   81	  -13	  -18	   11	   69	  -92	   85
	   82	  -16	  -56	    9	  -48	  -43	  -20
	   80	  -50	   24	   42	   36	  -33	  -12
	  -58	  -54	  -50	  -51	  -65	    6	  -17
	   29	   57	  -91	   31	  -89	   13	  -92
	  -42	    5	   67	  -80	   91	  -64	   86

l.p.: 9
N = 7
b:
   70	  -10	   86	   80	  -33	   98	   78
A:
	  -85	  -72	  -93	   80	  -25	  -87	   26
	   35	   -3	   81	   31	   61	  -61	   38
	  -21	  -58	  -87	    1	   85	   34	  -58
	  -85	  -72	  -93	   80	  -25	  -87	   26
	  -39	  -88	  -10	  -56	   11	  -71	   40
	   66	   39	   70	  -92	  -91	  -14	  -69
	   15	   70	   52	  -35	  -85	   69	  -44

l.p.: 10
N = 7
b:
   41	   67	   -8	   15	   27	   45	  -72
A:
	   26	   59	  -19	   79	  -88	   55	  -32
	   16	   25	   72	  -61	   93	   48	  -97
	  -33	  -30	   39	   44	   60	    7	   14
	  -55	  -66	   -8	   -2	   25	  -89	   -4
	   69	  -41	  -13	   25	   64	   72	  -94
	   43	   18	   73	  -66	  -52	   51	    6
	   26	   59	  -19	   79	  -88	   55	  -32

l.p.: 11
N = 7
b:
   79	  -50	  -78	   80	   65	  -35	  -42
A:
	   91	  -96	  -36	  -79	   72	   88	  -80
	  -90	  -82	  -42	   84	   19	  -78	   33
	   91	  -96	  -36	  -79	   72	   88	  -80
	  -70	   54	  -28	   60	  -74	   89	  -10
	    2	   26	    7	   56	  -48	  -78	   70
	   68	  -25	   23	   54	  -26	   23	  -52
	   30	    0	    1	  -48	    8	   40	   28

l.p.: 12
N = 7
b:
   52	  -80	  -11	  -11	  -42	    4	  -60
A:
	   11	   45	  -20	   71	  -95	   83	  -90
	   35	  -31	  -68	   11	  -18	   43	    0
	   11	   45	  -20	   71	  -95	   83	  -90
	  -76	   70	   69	  -42	   84	  -12	   10
	   34	   66	   97	  -69	  -76	    6	   32
	  -90	  -40	  -72	   26	  -36	    0	  -74
	  -93	   90	   91	   96	  -61	   91	   27

l.p.: 13
N = 7
b:
   74	  -34	   72	   66	   23	  -46	  -78
A:
	    7	   22	   49	  -21	  -79	   62	  -27
	  -79	   30	  -91	   -8	   65	  -14	   98
	  -52	  -43	   -2	   12	   44	   23	   60
	  -17	  -95	  -41	  -74	    8	   18	   74
	    5	   69	  -12	   37	   50	   16	  -10
	    7	   22	   49	  -21	  -79	   62	  -27
	  -27	  -84	   16	   31	   -9	  -67	  -59

l.p.: 14
N = 7
b:
  -64	  -43	   42	    6	   67	   18	   71
A:
	  -79	   66	   25	   53	   87	   32	  -34
	   49	   50	   28	   63	  -20	   94	   69
	   39	   73	  -63	   82	   21	  -34	    3
	  -79	   66	   25	   53	   87	   32	  -34
	  -13	  -59	  -42	   52	   94	   93	   47
	   73	   74	   11	  -56	   86	  -54	   16
	  -75	  -68	    6	   11	   10	   56	  -34

l.p.: 15
N = 7
b:
   -8	   22	   -6	  -18	  -40	  -37	  -27
A:
	   -7	  -74	   55	    8	   48	  -49	  -92
	   -7	  -74	   55	    8	   48	  -49	  -92
	  -60	   71	  -85	   80	  -28	  -71	   -8
	  -65	  -68	   30	   22	   80	    2	  -49
	   35	  -79	  -98	   56	  -78	   51	   69
	  -39	   20	  -18	    6	   58	   60	  -77
	   70	   77	   24	    6	  -24	   35	   54

l.p.: 16
N = 7
b:
  -18	    9	   -8	  -23	   -4	  -79	    3
A:
	   -9	  -74	   98	   46	  -55	  -59	   83
	   -9	  -74	   98	   46	  -55	  -59	   83
	   13	   10	   96	  -50	   11	  -45	  -92
	  -44	  -34	   61	   89	   62	  -23	   69
	  -92	  -53	   57	   50	   96	   88	   76
	  -90	   32	  -60	   60	  -98	  -98	  -66
	  -70	  -73	  -58	   89	  -64	   58	   95

l.p.: 17
N = 7
b:
   84	  -34	   85	  -49	   83	  -43	  -46
A:
	   87	   56	   15	   44	  -17	  -90	   15
	   94	   41	   41	  -90	   98	    1	  -55
	   16	  -71	   53	   34	  -38	   69	    2
	  -68	   -1	  -13	  -60	   89	   25	   25
	   87	   56	   15	   44	  -17	  -90	   15
	   34	    0	  -60	  -84	   22	  -90	   85
	  -14	   16	   54	   42	   54	   46	   43

l.p.: 18
N = 7
b:
   42	   76	  -74	  -36	  -37	  -57	  -40
A:
	    8	  -95	   72	   -9	   80	  -55	  -84
	  -47	  -27	   81	  -96	   17	  -69	  -24
	  -19	   52	   51	    1	   97	   57	  -71
	  -88	   81	  -89	  -30	  -92	   51	  -69
	  -36	    8	   70	   43	    5	  -86	  -46
	    8	  -95	   72	   -9	   80	  -55	  -84
	  -96	  -89	  -70	   98	   50	  -53	   37

l.p.: 19
N = 7
b:
   75	   45	    9	  -60	    3	   53	  -40
A:
	   70	   65	   -9	   37	  -19	  -68	   94
	   80	  -53	   92	  -89	  -84	   38	  -74
	  -60	  -15	  -88	    4	   -5	   -4	   52
	   70	   65	   -9	   37	  -19	  -68	   94
	   -4	   78	  -31	   91	  -13	  -56	  -56
	  -32	  -77	   12	   73	  -66	   92	  -69
	   87	   57	    5	  -62	  -62	   -2	   50

l.p.: 20
N = 7
b:
   29	  -82	  -88	  -70	   44	  -73	   97
A:
	   64	   43	   57	  -64	   34	   36	    9
	   22	  -57	   63	   44	   54	   64	   40
	  -81	  -76	   88	   58	   10	   27	   -4
	   64	   43	   57	  -64	   34	   36	    9
	  -64	  -69	  -65	   37	   33	  -85	  -18
	    5	  -23	   72	  -56	   96	   65	  -70
	    6	   41	   63	  -77	  -92	   43	  -55

l.p.: 21
N = 7
b:
    3	  -29	   46	   -7	   50	  -46	   39
A:
	   27	    4	  -58	   43	    1	   39	   93
	   27	    4	  -58	   43	    1	   39	   93
	    4	  -47	   70	   26	  -97	  -89	   64
	   19	   38	  -32	   33	   25	   65	  -49
	   59	   18	   98	   10	  -97	   31	   94
	   22	   51	   18	   79	   -2	   18	  -62
	  -63	  -35	   87	   21	   13	  -49	  -33

l.p.: 22
N = 7
b:
  -27	  -54	  -87	   61	  -68	   -5	  -49
A:
	   59	   49	   74	   61	  -55	   73	   54
	   59	   49	   74	   61	  -55	   73	   54
	  -36	  -50	  -67	  -98	  -71	   -4	   24
	   29	  -59	   37	   87	  -39	   36	  -18
	  -96	   22	   46	   39	  -18	  -58	  -26
	  -39	    4	   61	  -64	   38	  -62	   62
	  -31	  -47	    7	   54	    3	  -18	   -1

l.p.: 23
N = 7
b:
   81	  -89	  -23	  -27	  -66	  -53	   74
A:
	    6	  -63	   90	   22	   49	  -47	  -27
	   17	  -79	  -59	   66	    2	  -60	  -14
	  -62	  -63	   50	   -3	   96	    2	  -54
	   30	  -62	   34	  -25	   36	  -99	  -79
	    6	  -63	   90	   22	   49	  -47	  -27
	  -37	   94	   94	   18	   88	  -92	   25
	  -10	  -56	   66	   18	   37	  -30	   82

l.p.: 24
N = 7
b:
   64	   40	  -15	  -62	   94	   59	  -43
A:
	  -82	  -68	  -23	   89	  -16	  -81	  -73
	  -82	  -68	  -23	   89	  -16	  -81	  -73
	   82	   46	   58	   26	   93	  -26	  -26
	  -75	   27	   34	    2	  -53	   95	  -63
	   98	   69	    5	  -99	   97	   94	  -85
	   81	  -27	   88	   82	   87	   45	   22
	  -52	   41	   73	  -46	   67	  -45	  -41

l.p.: 25
N = 7
b:
   70	   39	  -34	   10	    6	   77	    0
A:
	   43	   97	    4	   98	   58	  -75	   25
	   43	   97	    4	   98	   58	  -75	   25
	   26	  -58	  -66	  -83	   93	  -91	  -54
	  -67	   42	  -69	  -58	  -91	   78	   57
	  -78	  -65	  -56	   91	   81	   79	  -86
	  -13	   93	   84	   27	  -95	  -91	  -34
	   87	  -37	  -96	   80	   11	   11	  -32

l.p.: 26
N = 7
b:
   72	   31	   97	   60	   18	   69	   14
A:
	    1	  -82	  -83	  -65	   48	   80	  -21
	    1	  -82	  -83	  -65	   48	   80	  -21
	  -89	  -89	    7	   66	   59	   45	   35
	   11	   59	  -65	  -27	  -65	   28	  -66
	  -79	  -24	  -57	  -89	  -53	  -30	  -74
	  -73	  -10	  -60	   52	   94	   59	  -88
	   23	  -57	   42	  -45	   56	   32	  -68

l.p.: 27
N = 7
b:
   -1	   33	  -50	   19	  -93	   42	  -58
A:
	   -1	  -75	  -69	  -48	   81	   54	  -23
	   14	  -74	   77	  -24	  -15	   21	  -65
	  -38	  -70	   73	  -51	   39	   33	   53
	  -81	   29	   40	   48	   91	   90	   44
	   -1	  -75	  -69	  -48	   81	   54	  -23
	   58	   86	   14	   62	   48	   64	   26
	  -86	   73	   13	   42	  -28	  -29	  -68

l.p.: 28
N = 7
b:
   53	  -38	  -60	   92	   59	  -99	   16
A:
	  -11	   95	   90	  -33	   15	  -87	   73
	   32	   51	    0	  -33	   41	   37	   12
	  -57	  -77	  -59	  -77	  -44	   15	  -79
	  -11	   95	   90	  -33	   15	  -87	   73
	  -84	  -17	   70	   75	   30	    7	  -77
	   -3	   25	  -25	   97	   69	  -99	  -80
	  -41	  -84	  -63	    7	   13	   21	  -49

l.p.: 29
N = 7
b:
   20	  -53	    3	   78	   22	    1	   28
A:
	   91	   51	  -61	   74	   48	  -21	   92
	  -64	  -76	  -75	   -1	  -44	   60	  -92
	   22	  -89	   83	   23	  -16	  -10	  -12
	   91	   51	  -61	   74	   48	  -21	   92
	  -30	   89	  -91	   20	  -89	   62	  -88
	  -81	   44	   96	  -28	  -45	  -38	   57
	  -85	   -3	  -46	   69	   -7	   83	   76

l.p.: 30
N = 7
b:
   68	   16	   54	  -16	  -32	  -67	   83
A:
	   44	   -5	   32	    8	   47	  -43	  -16
	   44	   -5	   32	    8	   47	  -43	  -16
	  -60	  -59	  -17	   36	  -62	  -95	  -71
	  -34	   81	   88	   40	   60	  -68	   58
	  -21	    2	  -86	  -42	  -32	  -67	  -62
	  -69	   84	   83	  -12	   28	   82	  -73
	   -1	  -50	   84	  -37	   17	  -40	   96

l.p.: 31
N = 7
b:
  -44	  -80	   -7	  -34	  -48	   44	  -48
A:
	  -10	  -46	   88	  -13	   95	  -69	   30
	  -53	   92	   98	   50	   12	  -56	  -53
	   42	   43	  -25	   34	  -61	  -50	    1
	   45	  -96	  -78	  -66	   80	   66	   86
	   82	   73	  -38	   70	  -66	   37	  -23
	  -10	  -46	   88	  -13	   95	  -69	   30
	  -17	   16	  -90	   63	   44	   49	   51

l.p.: 32
N = 7
b:
  -30	  -51	  -22	  -42	    1	   98	   89
A:
	  -31	  -80	   59	   92	   96	  -69	   46
	   29	   81	  -29	   -5	  -50	   57	   24
	   24	  -20	  -45	  -87	  -12	   88	    6
	   24	   42	   14	   14	  -25	    0	  -86
	  -31	  -80	   59	   92	   96	  -69	   46
	   63	  -22	  -49	  -19	  -89	  -88	    3
	   10	  -16	  -69	    5	  -52	  -15	  -36

l.p.: 33
N = 7
b:
  -33	    9	  -15	   -5	  -31	  -79	  -48
A:
	  -35	   20	   81	  -39	   35	   24	   12
	  -27	  -46	   15	  -13	  -27	   33	  -46
	  -84	  -32	   36	  -52	  -56	  -90	   95
	   48	  -23	    4	   11	  -10	  -17	   49
	    4	   78	   54	   66	  -47	  -82	  -22
	   -6	   76	   96	  -73	  -30	   50	   67
	  -35	   20	   81	  -39	   35	   24	   12

l.p.: 34
N = 7
b:
   78	   34	   19	  -79	   13	   -9	   40
A:
	   29	   55	  -16	   96	   25	   93	  -79
	   58	  -24	   94	  -28	   86	   50	    4
	   29	   55	  -16	   96	   25	   93	  -79
	   93	   52	   40	  -77	   77	   49	   50
	  -59	  -81	   20	   66	   39	   75	  -78
	   96	   -3	   66	   19	   97	   27	  -96
	  -75	  -15	   47	  -10	  -27	   88	   13

l.p.: 35
N = 7
b:
   14	  -39	   30	  -97	   13	  -82	  -37
A:
	  -89	  -73	  -41	   62	   93	  -95	   25
	   70	    2	   65	   13	   62	   97	   23
	   -6	   39	  -54	   57	   57	   23	   87
	  -89	  -73	  -41	   62	   93	  -95	   25
	  -52	  -41	  -85	   95	   10	   48	  -62
	   45	  -72	   19	  -30	   22	    7	  -54
	   76	  -50	  -10	   93	  -30	  -93	   29

l.p.: 36
N = 7
b:
   76	   -6	  -59	  -86	   92	   71	   62
A:
	   66	   18	    8	    6	   93	   43	   50
	   45	  -14	   72	  -31	   48	  -87	  -10
	   66	   18	    8	    6	   93	   43	   50
	   16	   79	  -94	   51	   56	  -71	  -61
	   20	  -59	   38	   25	   75	   64	   28
	  -80	  -49	  -73	  -89	    5	   87	   69
	  -50	   39	   64	   -6	   42	   74	  -78

l.p.: 37
N = 7
b:
  -43	  -44	    0	  -56	  -61	   47	   60
A:
	   10	  -99	  -92	   78	  -27	  -30	   26
	  -62	  -59	  -98	  -80	   39	    3	   94
	   76	  -63	  -97	  -67	   -1	   -5	  -17
	  -44	   69	   64	   92	    5	  -40	   -6
	  -62	  -15	  -95	   87	   -4	  -30	  -65
	   10	  -99	  -92	   78	  -27	  -30	   26
	   22	   31	  -81	    6	  -72	   35	  -28

l.p.: 38
N = 7
b:
   27	   55	  -63	   95	  -71	   -3	   33
A:
	   88	   25	   61	  -48	   88	   -6	  -58
	  -58	  -75	  -77	  -54	  -94	   15	  -44
	   88	   25	   61	  -48	   88	   -6	  -58
	   72	   77	   75	    3	   42	   70	   29
	  -81	   41	  -85	  -41	   29	  -13	  -42
	   37	  -25	  -77	  -75	  -36	   38	  -54
	  -58	   50	   91	  -79	  -51	   26	   84

l.p.: 39
N = 7
b:
  -11	   54	  -40	  -74	  -10	  -41	  -41
A:
	   63	   74	   95	  -82	  -11	   31	   31
	  -80	  -25	   95	   87	   70	   27	   94
	   63	   74	   95	  -82	  -11	   31	   31
	  -89	  -18	   79	   77	  -34	  -58	   70
	   26	   65	   29	   87	   31	  -13	    9
	  -24	  -80	  -60	  -20	  -28	   91	  -69
	  -63	  -48	   47	  -18	  -65	  -28	   93

l.p.: 40
N = 7
b:
   87	   14	  -90	  -86	   91	  -76	   26
A:
	  -27	   65	  -11	   65	   50	   19	   90
	    3	   48	   38	  -69	  -52	  -15	  -55
	   42	   13	   29	  -99	   83	   -9	  -96
	  -27	   65	  -11	   65	   50	   19	   90
	  -47	   -6	   56	  -18	   -9	   25	    3
	  -21	   53	   21	  -96	   76	   21	  -70
	   81	  -92	   29	  -65	   73	   -4	   15

l.p.: 41
N = 7
b:
  -62	   64	   63	  -45	   33	  -34	   35
A:
	  -47	  -99	  -49	   52	  -90	   55	   -3
	    7	  -80	  -99	  -47	   54	  -85	   57
	   83	   20	   53	  -96	  -35	   -3	  -83
	  -13	   72	   73	   98	  -74	  -65	  -59
	   59	   58	   36	  -70	   -4	   90	   42
	  -47	  -99	  -49	   52	  -90	   55	   -3
	  -23	   -7	    9	   66	    3	   30	  -41

l.p.: 42
N = 7
b:
  -57	   76	   40	   40	   68	   19	   78
A:
	  -19	  -84	   19	   42	  -48	  -11	   40
	  -97	  -30	  -86	   -8	   84	  -11	  -56
	  -40	  -60	   75	   66	   13	   25	  -60
	   -9	   11	   48	   56	   67	  -88	  -75
	   97	   28	   51	   42	  -54	  -49	   93
	   23	  -32	  -76	  -82	   38	  -89	  -44
	  -19	  -84	   19	   42	  -48	  -11	   40

l.p.: 43
N = 7
b:
   61	   21	  -15	   80	   63	   47	  -82
A:
	   29	   51	  -33	   -1	    4	    6	  -83
	   75	  -32	   -5	   52	  -61	   66	   27
	   14	   19	  -73	  -24	   35	  -59	   17
	  -97	   -8	   82	  -80	   12	   50	   84
	   30	  -17	   11	   59	  -49	   84	  -32
	   29	   51	  -33	   -1	    4	    6	  -83
	  -60	   42	  -14	   29	   67	   76	  -31

l.p.: 44
N = 7
b:
   33	   41	    6	    1	   55	   95	  -12
A:
	   65	  -55	  -85	   69	   44	   53	   93
	   58	  -18	  -62	  -93	  -99	   46	  -74
	    8	  -64	  -59	  -77	  -71	  -11	   30
	  -84	   68	  -17	    0	   10	    0	   64
	   65	  -55	  -85	   69	   44	   53	   93
	  -45	   47	  -60	   32	   75	   56	   65
	   28	  -13	   76	   81	  -28	  -35	  -62

l.p.: 45
N = 7
b:
  -20	   20	  -90	  -65	   47	   12	  -37
A:
	  -21	  -39	  -21	  -13	  -10	   -5	   56
	  -21	  -39	  -21	  -13	  -10	   -5	   56
	   97	  -32	  -60	   25	   74	  -22	   12
	  -10	  -31	  -32	  -82	   92	   62	  -41
	  -23	  -19	  -94	  -88	    8	  -11	    3
	   46	  -11	   57	  -89	   40	   78	   54
	  -72	  -81	  -86	  -49	  -79	    1	  -88

l.p.: 46
N = 7
b:
   84	  -67	  -31	   42	  -15	   10	   77
A:
	  -78	  -37	  -19	  -83	    0	   40	    8
	  -39	  -51	   38	  -24	  -65	  -24	   92
	   45	  -48	  -33	   28	  -90	  -67	  -25
	  -41	   78	   50	   63	  -63	    3	   73
	   51	  -65	   55	   52	   46	   85	   25
	  -36	   49	  -80	   73	   22	   55	   82
	  -78	  -37	  -19	  -83	    0	   40	    8

l.p.: 47
N = 7
b:
  -92	   39	  -36	    4	  -74	  -32	  -98
A:
	   45	   35	   -9	   52	  -27	  -35	  -22
	  -10	  -37	   41	    6	  -92	   59	    0
	   89	  -32	  -27	  -89	  -57	   10	   -8
	   45	   35	   -9	   52	  -27	  -35	  -22
	  -67	  -21	   85	   29	   18	   39	   45
	    1	   82	   81	  -33	  -60	   87	  -74
	  -72	  -94	   42	  -32	   44	  -43	  -48

l.p.: 48
N = 7
b:
   48	   30	  -90	  -88	  -53	  -90	  -24
A:
	  -19	  -34	    0	   87	   17	  -65	   39
	   49	  -89	   16	   70	   90	  -20	   89
	  -19	  -34	    0	   87	   17	  -65	   39
	  -52	   45	   87	  -78	   55	  -43	  -80
	   84	  -61	   11	   37	   98	  -91	   42
	  -71	   83	  -75	   72	  -93	   91	   16
	   52	  -29	   98	   64	   71	   26	  -49

l.p.: 49
N = 7
b:
  -88	   49	   79	   13	  -59	  -58	    0
A:
	   95	  -65	   81	  -77	  -82	  -44	  -67
	  -49	   43	   90	  -78	  -97	   67	   60
	  -54	   11	  -10	  -20	   39	   89	  -82
	   95	  -65	   81	  -77	  -82	  -44	  -67
	   -1	  -15	   34	   35	  -74	   13	    5
	   74	   57	  -52	    7	   83	   98	  -95
	  -96	   59	  -38	  -78	  -81	  -30	  -18

l.p.: 50
N = 7
b:
   12	   74	   75	   42	  -46	  -85	   52
A:
	  -75	   -5	   10	   22	  -52	  -72	  -38
	   28	  -90	   52	  -84	   30	  -19	   86
	    7	   59	   73	   44	  -24	  -81	  -19
	  -20	   87	   69	   94	  -72	   37	   63
	    0	   19	   46	   51	  -81	   52	  -72
	  -75	   -5	   10	   22	  -52	  -72	  -38
	  -75	   12	   35	   88	   -8	   55	   92

l.p.: 51
N = 7
b:
   -5	  -82	   69	   82	  -73	  -37	   57
A:
	  -78	  -45	   28	  -31	  -95	  -70	  -53
	  -78	  -45	   28	  -31	  -95	  -70	  -53
	   69	  -33	    9	  -53	  -96	   -1	  -57
	  -95	  -90	   79	  -54	  -64	  -97	   16
	  -18	   14	   93	  -32	   41	   55	   82
	  -76	  -38	  -36	    6	   11	   22	   92
	  -78	   86	   54	  -92	  -65	   98	   85

l.p.: 52
N = 7
b:
  -64	   61	   61	  -56	   86	   14	   50
A:
	  -82	  -73	    8	   63	  -51	  -37	   27
	   77	  -43	   52	  -21	    8	   66	  -86
	   52	  -27	   59	   17	   36	   29	   84
	   -8	   22	    2	   34	  -59	   52	  -30
	  -82	  -73	    8	   63	  -51	  -37	   27
	   82	   82	   42	   28	  -32	   72	  -20
	  -41	   82	  -38	    9	   88	   84	   28

l.p.: 53
N = 7
b:
  -94	   -9	  -15	  -38	  -69	   96	   -6
A:
	  -58	   -4	  -59	    1	  -83	   55	  -66
	  -19	  -50	   13	   73	   71	  -55	   59
	   65	  -80	  -60	  -39	  -42	   35	  -10
	   55	    7	    0	   -1	   67	  -21	   45
	  -58	   -4	  -59	    1	  -83	   55	  -66
	   29	   37	  -55	   92	  -53	    1	   72
	   92	  -55	   85	  -92	    3	   53	  -55

l.p.: 54
N = 7
b:
   71	  -62	  -39	   29	  -99	   35	   72
A:
	   97	   -8	  -46	    5	   11	   30	  -15
	   86	   84	  -31	  -39	  -24	  -30	  -17
	  -85	  -25	  -18	  -22	  -60	  -60	  -25
	   62	  -77	   69	   33	   53	   -6	  -86
	   97	   -8	  -46	    5	   11	   30	  -15
	   53	  -74	  -76	  -67	  -71	  -39	  -73
	   53	  -22	  -17	  -66	   -3	  -32	  -65

l.p.: 55
N = 7
b:
  -52	  -33	   89	   62	  -73	   54	   85
A:
	   -9	   88	  -88	   32	  -80	  -80	   75
	   15	   53	   49	   12	  -45	   84	   25
	  -34	   91	  -77	  -74	   88	   26	   92
	  -85	  -74	   -3	  -62	    7	   70	  -61
	   -9	   88	  -88	   32	  -80	  -80	   75
	   -1	   -6	   93	   29	   91	   61	   44
	   17	  -65	  -60	   -7	   19	   23	  -52

l.p.: 56
N = 7
b:
   38	   -4	   49	  -30	   39	   91	  -85
A:
	   42	   29	   87	  -59	   47	  -29	  -46
	   42	   29	   87	  -59	   47	  -29	  -46
	    5	  -41	  -51	   80	   29	  -91	  -74
	   63	  -20	  -64	  -98	  -54	   27	   35
	   31	   42	  -94	   22	  -79	  -69	   37
	  -93	   -2	  -54	  -90	  -61	   86	  -23
	  -82	    4	   82	  -60	   -6	   87	  -94

l.p.: 57
N = 7
b:
  -55	   51	   11	   26	   93	  -47	  -88
A:
	  -32	   98	   11	   78	   24	   85	   53
	  -56	  -50	  -97	    2	   46	   65	  -94
	   45	  -48	   64	  -96	  -53	   10	   -2
	  -87	   48	   49	   55	  -94	  -65	    3
	  -32	   98	   11	   78	   24	   85	   53
	  -92	   89	   49	  -48	  -35	   92	   16
	   27	  -43	   79	  -52	   42	  -71	    2

l.p.: 58
N = 7
b:
   -3	   29	   73	   72	  -15	   36	   70
A:
	   94	   30	   93	  -81	   70	   88	    9
	   61	  -70	   -4	   73	    0	  -62	  -60
	   94	   30	   93	  -81	   70	   88	    9
	  -74	   16	  -81	   14	  -10	  -86	  -51
	   62	   10	  -29	  -40	  -48	  -75	  -27
	  -10	  -31	  -30	  -39	    3	   32	   55
	   92	  -25	  -32	   -6	   80	  -60	   89

l.p.: 59
N = 7
b:
   42	   58	   41	  -70	  -79	  -69	   66
A:
	  -59	   92	   41	   36	  -69	   47	   42
	  -65	   54	  -96	   73	   40	   54	  -60
	  -42	  -84	    1	  -17	  -91	  -56	    8
	  -59	   92	   41	   36	  -69	   47	   42
	   85	   49	  -86	    9	   30	   23	  -47
	  -90	   86	  -80	   46	  -17	   38	   42
	   82	  -24	  -79	    8	   -5	  -54	   57

l.p.: 60
N = 7
b:
   81	  -52	  -30	  -45	   61	   34	   34
A:
	  -42	  -95	   54	  -15	  -63	  -50	   69
	    1	  -49	   83	   93	   33	   97	   92
	    8	   96	   80	  -15	   84	   52	  -31
	  -56	   83	   49	   97	  -56	  -86	   71
	  -70	   34	   90	   61	   14	  -86	  -49
	  -42	  -95	   54	  -15	  -63	  -50	   69
	  -85	  -21	  -52	   -5	   70	    2	  -81

l.p.: 61
N = 7
b:
   90	  -28	   13	  -78	   67	    4	   26
A:
	  -82	  -78	   51	  -31	  -36	  -72	  -83
	   33	  -91	   71	  -60	   59	  -53	  -77
	  -69	   39	  -55	  -32	  -66	   45	    3
	  -82	  -78	   51	  -31	  -36	  -72	  -83
	  -66	   83	   27	  -88	   67	  -58	  -61
	  -51	   44	  -14	  -39	  -78	    9	   67
	  -84	  -11	  -36	  -51	   67	  -12	   62

l.p.: 62
N = 7
b:
    2	   76	  -39	  -67	  -50	   62	   59
A:
	   24	   24	  -22	   85	  -83	  -94	  -83
	  -67	  -28	  -47	   20	  -48	  -29	   18
	   26	   50	   -4	  -59	   36	   51	  -19
	   24	   24	  -22	   85	  -83	  -94	  -83
	  -96	   10	  -93	  -77	   46	  -57	   56
	   40	   84	   39	   37	  -25	   86	    3
	    8	  -37	   51	  -39	   25	  -61	   34

l.p.: 63
N = 7
b:
   24	   59	   -9	   38	   -9	    3	   53
A:
	  -19	  -61	   38	   78	  -53	   93	  -37
	  -19	  -61	   38	   78	  -53	   93	  -37
	  -91	  -94	  -22	    3	   96	  -52	   36
	   33	   15	  -49	   71	   63	  -64	   20
	  -61	  -71	   55	  -97	   40	  -63	   65
	  -40	  -51	  -53	   70	  -90	   67	  -28
	   90	  -66	  -77	   53	  -71	   54	   -8

l.p.: 64
N = 7
b:
  -67	   96	  -25	  -44	   20	  -54	   90
A:
	    6	  -22	   77	   22	  -26	   23	   44
	   71	  -23	  -92	  -17	   26	  -35	   36
	   57	  -77	   40	  -62	   45	   14	  -25
	  -70	   54	  -29	   45	   68	   22	  -51
	  -29	  -75	   31	  -54	  -99	   15	  -63
	    6	  -22	   77	   22	  -26	   23	   44
	   72	  -65	  -82	   62	  -40	   57	   55

l.p.: 65
N = 7
b:
   34	   -9	  -92	   47	   39	   -3	  -46
A:
	   95	  -65	  -71	   51	  -90	   70	   22
	  -31	  -45	   81	  -97	  -64	   48	   -9
	  -26	   36	   69	    2	  -85	  -36	  -84
	   -9	  -76	  -38	  -19	   49	  -49	   46
	   45	   61	   -5	   35	   18	   51	   85
	   95	  -65	  -71	   51	  -90	   70	   22
	  -48	   -1	   68	   41	   58	  -32	  -85

l.p.: 66
N = 7
b:
   54	   61	   97	   73	   -1	   85	   75
A:
	  -71	  -65	   90	  -98	  -80	   70	  -76
	  -91	  -73	   35	   12	   16	   65	   29
	  -79	   69	  -14	  -30	   18	    5	   84
	   10	  -88	    3	  -11	   78	   42	   12
	   94	   27	   -6	   -9	  -44	   62	   -2
	   55	   27	   80	  -88	   36	   48	   94
	  -71	  -65	   90	  -98	  -80	   70	  -76

l.p.: 67
N = 7
b:
   35	   84	   42	   11	   56	  -48	   10
A:
	    0	   -5	   57	  -69	   77	   94	   36
	  -85	   31	   45	   90	   10	   28	   46
	   73	   30	    8	  -93	  -31	  -90	  -70
	  -38	   49	  -82	   84	    6	  -70	   44
	  -70	  -59	  -15	   83	   -7	  -32	  -66
	   -7	   65	  -98	   13	   96	  -69	  -41
	    0	   -5	   57	  -69	   77	   94	   36

l.p.: 68
N = 7
b:
  -73	   -4	  -10	    0	   29	  -47	   20
A:
	   83	   66	   72	   11	  -69	   -5	  -83
	  -86	  -45	   31	  -44	  -30	   59	   65
	   30	  -59	   74	   29	   59	  -33	   66
	   83	   66	   72	   11	  -69	   -5	  -83
	  -59	   22	  -55	  -55	    8	  -80	  -76
	   57	   68	   89	  -90	   37	  -36	   40
	   19	   94	  -37	  -61	   17	   61	    5

l.p.: 69
N = 7
b:
   74	   38	   -6	   59	  -22	   50	  -92
A:
	  -62	  -73	    1	    4	   66	   15	  -50
	  -62	  -73	    1	    4	   66	   15	  -50
	   96	   -3	   43	  -88	   72	   62	   91
	   96	  -84	  -89	  -92	  -74	  -54	   47
	  -63	   90	   79	  -90	   79	  -77	  -81
	   34	  -86	   42	  -10	   71	   65	  -29
	   -5	   45	   23	   42	  -88	  -90	   55

l.p.: 70
N = 7
b:
    3	  -68	  -49	  -60	   98	  -44	  -82
A:
	  -39	   89	   -4	   31	  -35	   70	  -37
	  -39	   89	   -4	   31	  -35	   70	  -37
	  -63	   74	   65	   13	  -49	   92	  -91
	  -28	   25	   93	  -59	   35	   37	   -9
	  -58	  -37	  -66	  -55	   63	  -10	  -42
	   76	   98	  -89	  -91	   57	  -46	    6
	    3	  -56	   25	  -53	   61	   78	   24

l.p.: 71
N = 7
b:
  -98	   15	   79	  -29	  -23	  -41	  -38
A:
	   22	   -8	   14	   81	   94	    7	  -34
	   31	  -27	  -21	   91	  -86	  -41	  -16
	    0	   24	  -23	   10	   88	   33	   79
	   22	   -8	   14	   81	   94	    7	  -34
	   -7	  -29	   25	    4	   38	  -17	   76
	  -52	   19	  -62	   74	   29	    2	  -18
	  -26	   88	   50	  -89	   82	   37	   38

l.p.: 72
N = 7
b:
    1	  -63	   56	  -12	  -19	   39	   25
A:
	   45	   45	   73	   67	   60	   85	   97
	  -86	   81	  -53	    3	  -50	   90	  -78
	   84	   63	   75	   70	  -75	   66	  -10
	  -63	  -55	   36	   95	   71	    2	   72
	   45	   45	   73	   67	   60	   85	   97
	   37	  -30	   59	   67	   35	   -5	  -68
	  -69	  -71	    2	   56	   -7	  -56	   -7

l.p.: 73
N = 7
b:
   57	   20	  -27	   10	   60	  -14	   27
A:
	   -8	   70	  -68	  -13	  -75	   69	   24
	   -9	  -55	   39	   55	  -98	   -4	   14
	   89	  -30	  -97	   76	   56	   28	   -9
	  -10	  -86	   96	  -62	   98	   53	   83
	  -25	   67	   55	  -24	  -86	  -88	  -40
	   -8	   70	  -68	  -13	  -75	   69	   24
	  -88	   65	  -43	  -73	   11	   44	  -44

l.p.: 74
N = 7
b:
    1	   55	  -10	   14	  -46	  -93	  -87
A:
	  -31	  -18	  -62	  -26	  -49	   54	  -42
	   96	  -44	  -36	  -47	   67	  -12	  -18
	   18	   45	  -56	   12	  -24	  -71	   30
	  -31	  -18	  -62	  -26	  -49	   54	  -42
	   36	   61	  -83	   38	  -37	   76	  -14
	  -28	  -52	  -52	   39	   38	  -79	   40
	  -58	   -5	   73	   54	   42	  -42	  -42

l.p.: 75
N = 7
b:
   52	  -22	   91	   87	  -84	  -58	   82
A:
	    5	  -63	   -5	  -81	  -39	   49	   79
	   11	   78	   -7	  -61	   -2	  -73	   18
	   33	   60	  -79	   78	  -87	  -86	  -98
	  -83	   30	  -81	  -13	   23	  -92	   68
	   34	  -56	   -7	  -81	  -71	   64	  -13
	  -33	   38	   84	  -83	  -88	   87	   43
	    5	  -63	   -5	  -81	  -39	   49	   79

l.p.: 76
N = 7
b:
   31	   21	   84	   10	  -99	  -81	   44
A:
	  -32	   96	  -98	    2	   59	  -46	   44
	  -77	   83	  -65	   98	   13	   62	   13
	  -32	   96	  -98	    2	   59	  -46	   44
	  -69	  -46	  -86	   -7	   96	   45	   45
	   63	  -99	  -39	   -5	   57	  -78	  -97
	   91	  -60	   -8	  -95	   36	  -14	  -96
	  -82	  -76	   45	   39	  -42	   71	   55

l.p.: 77
N = 7
b:
  -15	  -37	   18	   46	   51	   36	  -85
A:
	  -33	   97	  -61	   18	  -38	  -41	   81
	   13	   12	  -99	  -58	   86	   75	   54
	  -35	   57	  -33	   -7	   -5	   93	  -67
	   36	  -60	    8	  -89	   44	   70	  -53
	  -97	   18	   75	   55	   13	   57	    4
	   72	   69	   55	  -41	  -66	  -19	  -87
	  -33	   97	  -61	   18	  -38	  -41	   81

l.p.: 78
N = 7
b:
   11	  -79	   52	   85	   73	  -64	  -30
A:
	   -9	   29	  -90	    6	  -11	  -10	  -80
	  -10	  -12	   92	  -12	  -68	   -1	   87
	  -28	   89	   -8	  -37	   -9	   38	   33
	  -63	    5	  -30	  -91	   -6	  -25	   10
	   -7	  -39	   11	   33	   19	  -31	  -93
	   -9	   29	  -90	    6	  -11	  -10	  -80
	   27	  -75	   32	   42	  -38	   81	   41

l.p.: 79
N = 7
b:
   85	   -4	  -32	    8	  -48	   -1	   51
A:
	   95	  -96	  -54	  -87	  -19	   52	   38
	  -12	    2	  -53	  -32	   98	   75	  -24
	   -6	  -77	   10	  -81	   58	   37	  -66
	   -8	  -36	   51	  -18	   97	  -65	   73
	  -50	   18	  -22	   31	   50	  -50	   51
	   95	  -96	  -54	  -87	  -19	   52	   38
	   92	   48	   28	   63	   49	   58	  -27

l.p.: 80
N = 7
b:
   86	   19	   30	   90	   77	   30	   93
A:
	  -24	    7	   44	   73	   -2	  -10	   -2
	   33	   14	  -16	  -95	   43	  -92	    3
	  -45	  -93	   92	  -48	   26	  -14	  -19
	  -28	    4	   24	   69	    6	  -93	  -75
	   -3	   58	   23	    0	   87	   60	    6
	  -24	    7	   44	   73	   -2	  -10	   -2
	   41	    2	  -70	   58	   41	    9	   -6

l.p.: 81
N = 7
b:
   39	  -65	  -89	   69	   41	  -24	  -20
A:
	  -14	   49	   48	  -77	   56	  -59	   75
	  -14	   49	   48	  -77	   56	  -59	   75
	  -15	   79	   16	   69	  -97	   30	   41
	    3	   -4	  -39	   48	   96	  -15	   80
	   78	  -90	  -28	  -58	   52	  -24	   14
	   47	  -66	   55	  -19	  -51	  -63	   67
	   92	   80	   91	  -87	   46	  -88	  -90

l.p.: 82
N = 7
b:
   27	   98	   48	  -97	  -43	   41	    4
A:
	   95	   27	   39	   74	   33	  -74	   91
	   88	  -88	  -62	   57	  -54	  -41	  -89
	   21	   60	  -44	  -57	   81	   98	    6
	   95	   27	   39	   74	   33	  -74	   91
	  -56	   58	  -71	   57	  -64	   31	   -2
	   84	   36	  -87	   74	   73	  -84	  -45
	   24	  -45	   42	  -30	   11	   78	  -84

l.p.: 83
N = 7
b:
   95	  -30	   41	  -55	  -85	  -82	  -32
A:
	  -62	   86	   50	  -34	   80	   27	   10
	  -62	   86	   50	  -34	   80	   27	   10
	   77	  -16	  -36	   73	   59	  -85	   44
	   42	   68	   31	   72	   59	   95	   -4
	   60	  -47	  -39	  -75	  -27	   92	  -27
	   51	   41	   37	    4	  -98	   65	  -94
	   96	  -79	   52	  -74	   33	   16	   75

l.p.: 84
N = 7
b:
  -94	   86	  -70	  -58	   12	  -67	   86
A:
	  -43	  -46	  -99	   97	  -94	  -15	  -36
	    3	  -38	  -57	  -91	   30	  -23	  -21
	  -45	   42	  -28	  -73	  -34	   23	   96
	   80	   49	   94	   98	  -45	   47	   95
	   -4	  -51	  -44	  -62	  -68	   57	   66
	   89	  -92	  -37	   40	   11	   19	   69
	  -43	  -46	  -99	   97	  -94	  -15	  -36

l.p.: 85
N = 7
b:
  -39	   36	    2	  -28	   11	   71	   57
A:
	  -13	   67	  -51	  -62	  -82	  -77	  -83
	  -68	  -81	   76	  -15	   54	   79	   10
	  -70	   28	  -55	   95	   59	   98	   27
	    5	   79	  -98	   51	   44	  -64	   -2
	  -76	   16	   36	    2	   90	   -8	   35
	  -13	   67	  -51	  -62	  -82	  -77	  -83
	  -30	   78	  -16	   44	   32	   82	  -42

l.p.: 86
N = 7
b:
   68	   82	   42	   44	  -91	  -45	   21
A:
	  -96	   30	   92	   30	  -40	  -43	   55
	   98	   -2	   78	   27	   86	   68	   57
	   -2	   -3	   19	  -99	   37	   19	  -76
	  -99	   86	   16	  -31	   89	   61	  -19
	   73	   95	   45	   76	  -55	   91	  -22
	  -96	   30	   92	   30	  -40	  -43	   55
	    2	  -66	   43	  -56	  -77	   46	  -27

l.p.: 87
N = 7
b:
  -53	   42	   21	   17	   87	   63	   -6
A:
	   24	  -59	    4	    5	   52	  -73	   81
	   24	  -59	    4	    5	   52	  -73	   81
	  -12	  -88	   23	  -27	   72	  -76	  -76
	  -33	  -72	  -99	   98	   57	  -30	   52
	   87	  -98	   33	   69	   54	  -16	  -67
	  -73	  -36	   26	   -2	   41	   15	  -85
	  -65	    1	  -73	  -84	   75	   76	   24

l.p.: 88
N = 7
b:
  -10	   10	  -29	  -32	   -6	  -40	  -68
A:
	  -48	  -78	   92	  -25	   25	   83	  -28
	   29	  -52	  -47	   14	   -6	   74	   78
	   -9	   19	  -44	  -91	  -66	  -84	   29
	    6	  -30	   51	   75	   37	  -62	  -60
	  -48	  -78	   92	  -25	   25	   83	  -28
	   54	    9	  -80	  -68	  -70	  -45	  -21
	  -62	  -45	  -45	   -8	   80	  -40	   68

l.p.: 89
N = 7
b:
  -90	   77	  -72	  -87	  -63	   30	  -59
A:
	  -50	   88	   44	   92	  -56	  -76	  -69
	  -20	  -86	   74	  -52	  -55	   35	   52
	  -19	   56	    5	  -48	  -41	  -84	   92
	   96	   57	   91	  -37	   81	   94	  -24
	  -50	   88	   44	   92	  -56	  -76	  -69
	  -94	   69	  -70	  -49	   15	  -40	   41
	  -29	   74	  -89	   -9	   62	   17	   85

l.p.: 90
N = 7
b:
   83	   81	   20	   65	  -27	  -89	   75
A:
	  -60	    3	  -73	   55	  -23	   66	   41
	   82	  -29	   91	  -16	   93	   87	    5
	  -64	  -15	   24	   84	  -27	   82	   27
	    5	   18	   92	   -5	  -51	  -49	    2
	  -60	    3	  -73	   55	  -23	   66	   41
	  -32	  -77	  -67	  -97	  -87	   17	  -99
	  -66	   21	  -15	  -76	   73	  -64	  -16

l.p.: 91
N = 7
b:
   39	   12	  -76	   44	  -60	  -44	  -66
A:
	   92	   14	    8	    9	    6	   89	  -73
	   27	   43	   69	  -94	   19	   -5	  -27
	   92	   14	    8	    9	    6	   89	  -73
	   70	  -39	  -96	  -35	  -27	  -14	  -64
	   49	   28	  -72	  -28	   65	   -1	  -78
	  -22	   31	  -41	  -24	   77	  -90	   91
	   24	   74	   26	    3	  -99	  -19	  -59

l.p.: 92
N = 7
b:
  -13	   83	   27	  -34	   82	  -51	  -22
A:
	   29	   48	   83	   79	   66	   32	   14
	  -82	   97	   23	   61	   67	   -4	  -91
	   29	   48	   83	   79	   66	   32	   14
	   57	   72	  -62	   83	   84	  -85	   60
	  -98	   84	   79	   19	   31	  -86	   23
	  -55	  -49	   83	   74	  -91	  -31	   11
	   96	    1	   32	  -72	  -47	   51	   15

l.p.: 93
N = 7
b:
   37	   62	  -16	  -14	  -27	    9	   23
A:
	   46	   36	   59	  -61	   24	    2	  -65
	   62	   86	   33	  -70	   30	  -78	   29
	   46	   36	   59	  -61	   24	    2	  -65
	  -78	  -83	  -94	  -83	  -73	  -12	  -99
	  -94	    3	    7	   -4	   43	  -61	  -32
	  -79	   79	  -79	  -29	   40	  -60	    2
	   66	   37	    5	    6	  -81	  -74	  -14

l.p.: 94
N = 7
b:
    1	  -43	   64	   39	   47	   97	  -24
A:
	  -16	  -26	  -61	   77	   10	   -3	  -49
	  -46	   91	  -76	   43	  -30	  -55	  -47
	   79	   21	   57	   88	  -44	   61	   16
	   -4	  -34	   51	  -50	   86	  -46	   -9
	  -22	   -7	   61	   80	  -97	  -32	  -65
	  -10	  -32	  -80	  -55	   98	   10	  -53
	  -16	  -26	  -61	   77	   10	   -3	  -49

l.p.: 95
N = 7
b:
  -29	  -38	   64	  -76	   75	    4	   52
A:
	  -77	   32	  -29	  -42	   42	  -99	   83
	    0	  -71	   56	   17	   87	  -20	    3
	  -77	   32	  -29	  -42	   42	  -99	   83
	   54	   53	   -1	   48	  -62	   26	   89
	   10	   65	   58	   90	  -58	   27	   58
	  -19	  -35	   46	   11	   75	  -77	   77
	  -31	   77	   22	  -10	   75	  -12	   38

l.p.: 96
N = 7
b:
   28	  -49	   73	   49	   -5	   40	   35
A:
	  -92	  -39	   74	  -92	   79	  -13	  -97
	    4	   25	  -42	  -98	   75	   -8	  -83
	  -92	  -39	   74	  -92	   79	  -13	  -97
	  -89	   14	   -9	  -26	  -29	   59	  -84
	   12	  -26	  -29	  -97	   52	  -45	   43
	  -71	  -51	   49	  -96	  -55	   12	   77
	  -40	   16	  -33	  -76	   83	   28	  -23

l.p.: 97
N = 7
b:
   47	  -77	  -66	  -67	  -55	   38	  -54
A:
	   78	   34	  -80	   37	  -23	   44	   -6
	  -40	    3	  -61	  -97	   33	  -63	   42
	   85	   18	  -74	   77	   34	  -39	  -54
	    3	   93	   11	   51	  -36	  -18	   50
	   78	   34	  -80	   37	  -23	   44	   -6
	  -87	   34	   21	  -39	  -12	  -33	  -77
	   59	   72	  -45	  -14	  -99	   20	  -93

l.p.: 98
N = 7
b:
   -5	  -82	    3	   75	   52	   73	  -70
A:
	   87	   93	   14	   28	  -15	   78	  -16
	   51	   40	   35	  -89	  -57	  -32	   91
	  -32	   -3	  -17	  -74	   42	   71	   19
	   90	  -25	  -76	   47	   11	  -76	   82
	  -98	  -69	  -77	   40	  -13	   75	  -56
	  -70	   77	  -34	   93	   79	  -14	  -73
	   87	   93	   14	   28	  -15	   78	  -16

l.p.: 99
N = 7
b:
  -83	    0	  -77	   92	   60	    4	   -1
A:
	   84	   59	   10	    3	  -46	   54	   -3
	   81	  -20	  -33	   11	  -34	  -92	   97
	   14	   -3	   11	   27	   25	  -51	  -43
	   28	  -96	   27	   23	  -70	   74	   21
	  -33	  -58	   72	   28	    7	  -22	  -62
	  -41	   63	   77	   87	  -80	  -52	  -17
	   84	   59	   10	    3	  -46	   54	   -3
